time (s)	theta (A)	maj axis/z0	min axis/z0	crossing#mod 255
9136.291519	268.747864	0.612024	0.100000	61
9136.951162	316.345093	0.645814	0.100000	63
9137.552018	344.954193	0.435472	0.100000	65
9138.397752	269.550079	0.663148	0.100000	67
9138.971235	314.752930	0.632302	0.100000	69
9139.560846	348.247742	0.423720	0.100000	71
9140.280619	261.391754	0.570573	0.100000	73
9140.985755	312.263672	0.533141	0.100000	75
9141.543271	5.139581	0.670246	0.100000	77
9142.360286	265.006317	0.612067	0.100000	79
9143.000050	312.872559	0.582722	0.100000	81
9143.710182	4.869595	0.650018	0.100000	83
9144.341559	263.505890	0.570323	0.100000	85
9145.019369	321.870148	0.680426	0.100000	87
9145.678755	338.822693	0.321994	0.100000	89
9146.393844	264.311371	0.550019	0.100000	91
9147.037919	314.057098	0.541926	0.100000	93
9147.728660	5.219092	0.598760	0.100000	95
9148.410293	263.854645	0.534522	0.100000	97
9149.056160	315.953827	0.610360	0.100000	99
9149.645994	8.270336	0.541971	0.100000	101
9150.430310	264.209717	0.530756	0.100000	103
9151.075036	314.701569	0.528067	0.100000	105
9151.612963	41.070457	0.144493	0.100000	107
9152.551208	226.089233	0.297536	0.100000	109
9153.480875	26.903608	0.171802	0.100000	111
9154.097435	138.873550	0.568052	0.100000	113
9155.108441	316.875275	0.626521	0.100000	115
9156.117895	147.722183	0.586381	0.100000	117
9157.125393	322.640137	0.548245	0.100000	119
9158.136709	135.286453	0.719756	0.100000	121
9159.143472	318.956024	0.612701	0.100000	123
9160.151854	138.944641	0.687156	0.100000	125
9161.165800	315.213989	0.556794	0.100000	127
9162.164042	137.891510	0.696235	0.100000	129
9163.188569	323.511566	0.595948	0.100000	131
9164.176665	141.444214	0.579461	0.100000	133
9165.205148	334.844788	0.462491	0.100000	135
9166.791978	225.349243	0.173215	0.100000	137
9167.657653	46.756298	0.150746	0.100000	139
9168.775153	225.875916	0.147418	0.100000	141
9170.239963	138.358368	0.903595	0.100000	143
9172.246446	117.751579	0.386695	0.100000	145
9173.276816	336.198120	0.451792	0.100000	147
9174.777628	226.596222	0.151438	0.100000	149
9176.287792	121.546883	0.424147	0.100000	151
9177.301738	320.451752	0.496570	0.100000	153
9178.310264	156.824661	0.398340	0.100000	155
9180.324908	139.151794	0.755070	0.097425	157
9182.332047	140.785446	0.726185	0.095093	159
9183.850872	46.362629	0.086851	0.100000	161
9185.383899	317.846222	0.678974	0.090042	163
9187.400482	298.408569	0.355402	0.100000	165
9188.388251	160.441376	0.340461	0.100000	167
9190.406359	140.000427	0.614668	0.082542	169
9192.426211	140.009659	0.592640	0.080331	171
9194.448335	140.029755	0.570064	0.077883	173
9196.464209	140.296814	0.548171	0.075622	175
9198.480341	140.501175	0.527730	0.072786	177
9200.492153	140.680206	0.507203	0.070618	179
9202.501336	140.798920	0.488018	0.068258	181
9204.514429	140.770599	0.469081	0.066401	183
9206.522203	140.759567	0.446985	0.064928	185
9208.541460	140.477295	0.429550	0.063657	187
9210.093510	47.813225	0.053993	0.100000	189
9211.597141	319.479340	0.411763	0.059209	191
9213.603853	319.347290	0.390295	0.057057	193
9215.616786	319.547211	0.368253	0.056240	195
9217.658194	319.606689	0.352432	0.054430	197
9219.687170	293.228485	0.219817	0.100000	199
9220.632949	169.740555	0.202352	0.100000	201
9222.658991	140.865601	0.321896	0.050403	203
9224.187039	50.820267	0.039717	0.100000	205
9225.705824	319.371399	0.308835	0.046792	207
9227.728637	319.753662	0.292433	0.045451	209
9229.262481	226.461945	0.042937	0.100000	211
9230.736630	118.115860	0.190460	0.081486	213
9231.782187	322.420746	0.205710	0.031377	215
9232.743142	141.768097	0.213476	0.033678	217
9233.797128	342.442596	0.182146	0.070341	219
9235.297570	233.384140	0.106408	0.100000	221
9236.749846	142.368347	0.247013	0.038903	223
9238.776355	142.671799	0.233171	0.038397	225
9240.777241	142.700958	0.227358	0.036282	227
9242.354141	50.305492	0.028727	0.080220	229
9243.300354	227.408295	0.033369	0.100000	231
9244.384593	48.166706	0.028429	0.070937	233
9245.888070	276.137238	0.111739	0.100000	235
9246.846341	165.626266	0.140588	0.061665	237
9248.404918	51.709694	0.028572	0.077728	239
9249.439563	228.986572	0.026057	0.085009	241
9250.425915	52.637356	0.028659	0.078414	243
9251.922486	323.103943	0.180478	0.029652	245
9253.932541	318.344360	0.172209	0.028820	247
9256.013698	262.317291	0.073301	0.100000	249
9256.915233	143.535156	0.145212	0.015870	251
9258.039748	327.446106	0.134634	0.022977	253
9258.941869	146.603165	0.102058	0.008124	255
9260.074972	333.397583	0.129567	0.032011	1
9262.045055	290.274445	0.105642	0.062377	3
9262.996853	142.152008	0.110237	0.010620	5
9263.946112	341.516418	0.113651	0.038449	7
9265.461231	226.070877	0.019074	0.057697	9
9266.610072	43.690331	0.024777	0.053409	11
9268.048198	320.517578	0.126814	0.022647	13
9269.965026	283.937958	0.076948	0.056178	15
9270.768430	126.552399	0.028650	0.003157	17
9272.052576	252.905457	0.041946	0.083461	19
9272.865974	141.420334	0.109235	0.011710	21
9274.083150	318.089508	0.084139	0.008820	23
9274.786177	107.020226	0.022880	0.009685	25
9275.674719	224.204163	0.021424	0.058460	27
9276.578875	347.170288	0.034616	0.009824	29
9277.042952	147.849747	0.083992	0.008352	31
9278.203033	322.114014	0.081992	0.008788	33
9278.804081	122.254684	0.022124	0.003473	35
9279.637448	225.157379	0.019569	0.056484	37
9280.489523	0.022542	0.027839	0.013764	39
9281.858861	178.929611	0.053359	0.034575	41
9282.453257	335.401123	0.045610	0.006332	43
9282.987870	143.583145	0.079361	0.007287	45
9284.218392	316.621094	0.062206	0.005912	47
9284.717956	53.254269	0.008531	0.011100	49
9285.810057	211.868134	0.026432	0.051689	51
9286.395969	333.260406	0.031488	0.002639	53
9286.988433	139.315170	0.074137	0.007574	55
9288.141572	320.524841	0.079056	0.009488	57
9289.096564	154.767853	0.071928	0.017600	59
9290.379104	328.628540	0.037128	0.002753	61
9290.842776	103.945496	0.013072	0.005100	63
9291.758422	205.109222	0.023916	0.033876	65
9292.396745	328.479980	0.035518	0.002720	67
9293.075714	129.719040	0.038507	0.006003	69
9293.810590	232.968094	0.011431	0.020001	71
9294.336547	328.709961	0.038040	0.003423	73
9294.945603	129.165924	0.024581	0.002957	75
9295.757366	183.376785	0.023311	0.012690	77
9296.229104	319.702850	0.034090	0.002189	79
9296.736627	72.715889	0.011159	0.017668	81
9297.541411	158.384079	0.030289	0.003932	83
9298.130818	312.310394	0.033670	0.003052	85
9298.678070	358.227203	0.013384	0.005508	87
9299.212020	143.059387	0.041068	0.002584	89
9299.817894	236.729660	0.007831	0.009500	91
9300.312359	326.428436	0.036138	0.002930	93
9300.946238	114.558151	0.013818	0.003537	95
9301.424788	154.419907	0.036398	0.005310	97
9302.249490	317.835297	0.029767	0.002248	99
9302.697578	16.078659	0.011306	0.006941	101
9303.226619	147.250320	0.050824	0.005045	103
9304.213318	318.319336	0.026450	0.001419	105
9304.635862	344.599884	0.015925	0.002161	107
9305.133022	131.413361	0.028701	0.002596	109
9306.061589	233.267181	0.007527	0.020415	111
9306.500787	332.761139	0.025972	0.002340	113
9307.025632	115.917999	0.015247	0.003260	115
9307.838658	212.261566	0.012809	0.022693	117
9308.516964	330.595795	0.028910	0.002174	119
9309.020009	115.708694	0.013924	0.003597	121
9309.877293	176.968399	0.021427	0.010726	123
9310.536398	326.967072	0.036490	0.003076	125
9311.049679	115.565781	0.010446	0.002444	127
9311.944433	176.479752	0.024201	0.011832	129
9312.387374	322.443726	0.023330	0.001279	131
9312.816965	358.687531	0.008029	0.002608	133
9313.219935	136.036667	0.018067	0.001335	135
9313.885225	219.691727	0.010043	0.015752	137
9314.504888	325.088013	0.023253	0.001247	139
9315.020459	88.856590	0.007948	0.006141	141
9315.587279	154.060394	0.026234	0.002468	143
9316.181310	308.141174	0.018183	0.001984	145
9316.706206	334.182922	0.016651	0.001491	147
9317.147826	129.220276	0.014813	0.001854	149
9317.653126	154.248901	0.018811	0.001507	151
9318.207390	302.402496	0.015474	0.002732	153
9318.714790	334.486145	0.018015	0.001740	155
9319.208764	129.161179	0.013093	0.001497	157
9319.649897	153.804932	0.019045	0.001403	159
9320.161349	305.265106	0.016959	0.002678	161
9320.722830	335.437592	0.014669	0.001260	163
9321.190821	125.728653	0.012515	0.001961	165
9322.091689	213.967438	0.010985	0.016543	167
9322.634535	330.472687	0.019293	0.001354	169
9323.101147	106.053207	0.007493	0.002937	171
9323.541988	146.198074	0.018057	0.000910	173
9323.960926	228.565659	0.004249	0.004430	175
9324.492863	325.083527	0.023753	0.001838	177
9325.076721	66.221642	0.004470	0.004492	179
9325.512682	147.501434	0.024450	0.001687	181
9326.178929	301.193909	0.011765	0.002360	183
9326.782104	339.117554	0.017119	0.002356	185
9327.314180	132.054123	0.013956	0.001217	187
9328.065238	222.568268	0.007132	0.012931	189
9328.622701	330.044922	0.016535	0.000927	191
9329.064109	57.234623	0.003899	0.002999	193
9329.528141	139.598282	0.017194	0.001133	195
9329.951687	183.149887	0.005856	0.002188	197
9330.414848	318.807587	0.017374	0.001163	199
9330.895009	358.996857	0.008071	0.002302	201
9331.366688	132.918839	0.013925	0.000906	203
9331.842835	160.789841	0.011115	0.001775	205
9332.413224	318.509735	0.017113	0.001253	207
9332.914518	358.422455	0.007945	0.002219	209
9333.537282	136.972015	0.020051	0.001892	211
9334.134742	237.193390	0.004205	0.006722	213
9334.697874	329.306427	0.015698	0.000913	215
9335.175887	98.392456	0.007802	0.003704	217
9335.692208	150.242920	0.017108	0.001250	219
9336.266279	301.429657	0.008290	0.001577	221
9336.767139	333.500214	0.012943	0.000913	223
9337.227126	121.962540	0.012014	0.002445	225
9338.234495	214.815979	0.007609	0.010924	227
9338.756290	330.403748	0.013575	0.000925	229
9339.219030	132.121185	0.018365	0.002985	231
9340.002428	194.841721	0.005779	0.003282	233
9340.520306	318.337433	0.015398	0.001102	235
9341.085997	44.485325	0.002630	0.003426	237
9341.576077	146.738998	0.018065	0.001059	239
9342.184488	237.443802	0.003756	0.002927	241
9342.637654	319.897217	0.014580	0.000832	243
9343.154632	48.981514	0.001983	0.002751	245
9343.572295	149.289764	0.017324	0.001303	247
9344.254516	262.157166	0.005052	0.002963	249
9344.714530	321.891327	0.013790	0.000745	251
9345.189100	60.922611	0.002256	0.002742	253
9345.642811	151.489944	0.015713	0.001285	255
9346.272547	289.543060	0.007219	0.002051	1
9346.805142	329.207428	0.013560	0.001224	3
9347.347225	120.005951	0.004731	0.000917	5
9347.792257	153.629593	0.012091	0.001209	7
9348.386864	301.243011	0.008285	0.001459	9
9348.838151	331.209595	0.010867	0.000779	11
9349.373352	100.906761	0.004894	0.002377	13
9349.890262	149.245956	0.010328	0.000804	15
9350.357979	298.745636	0.006041	0.001334	17
9350.923490	334.454681	0.013284	0.001258	19
9351.356377	106.515503	0.004454	0.001353	21
9351.825560	147.020096	0.011825	0.000802	23
9352.375334	306.688995	0.005488	0.000725	25
9352.877539	335.216309	0.011662	0.000781	27
9353.325124	92.891472	0.004671	0.002294	29
9353.842671	145.261688	0.010989	0.000659	31
9354.374833	293.222992	0.003958	0.001441	33
9354.857485	334.703735	0.010613	0.000697	35
9355.329255	81.232445	0.003650	0.002119	37
9355.776595	143.751572	0.011415	0.000848	39
9356.321053	282.388824	0.004497	0.002786	41
9356.927332	341.382050	0.009718	0.001414	43
9357.627006	135.537659	0.012689	0.001238	45
9358.189969	186.506119	0.003197	0.001493	47
9358.910195	327.983337	0.014016	0.001118	49
9359.483664	115.723129	0.006759	0.001818	51
9359.965189	155.651108	0.008544	0.000837	53
9360.528155	310.391357	0.007460	0.001292	55
9361.021814	342.044647	0.006448	0.000729	57
9361.498723	128.164200	0.006412	0.000816	59
9361.997922	157.878983	0.008614	0.000915	61
9362.570597	312.326904	0.006672	0.000754	63
9363.030100	338.110260	0.006283	0.000583	65
9363.483799	122.196457	0.004827	0.000900	67
9363.965312	151.524048	0.008199	0.000576	69
9364.367968	259.053223	0.002016	0.001361	71
9364.783376	324.596283	0.007974	0.000350	73
9365.266469	33.210453	0.002531	0.002227	75
9365.740413	141.445709	0.007762	0.000447	77
9366.278263	201.429138	0.003280	0.002524	79
9366.754355	324.398376	0.007949	0.000455	81
9367.184754	354.721863	0.003729	0.000981	83
9367.690936	135.534943	0.006906	0.000530	85
9368.151100	199.233337	0.004361	0.003042	87
9368.883617	325.047211	0.008912	0.000381	89
9369.319638	21.041744	0.002108	0.001258	91
9369.750696	139.895081	0.006706	0.000407	93
9370.227135	175.390961	0.004017	0.000975	95
9370.843949	319.940308	0.010084	0.000874	97
9371.352537	35.017582	0.002241	0.002145	99
9371.811346	143.243301	0.006132	0.000365	101
9372.242264	229.760056	0.003089	0.003392	103
9372.936664	322.052216	0.007195	0.000436	105
9373.412735	59.783726	0.001096	0.001635	107
9373.938179	148.354492	0.006995	0.000369	109
9374.405576	239.292313	0.002424	0.002087	111
9374.924162	321.340088	0.007185	0.000247	113
9375.389476	31.845516	0.001346	0.001599	115
9375.824975	146.704514	0.006120	0.000351	117
9376.297956	224.883987	0.003236	0.002701	119
9376.992673	320.847717	0.007674	0.000603	121
9377.525122	89.033028	0.001786	0.001607	123
9378.141781	158.540817	0.008077	0.000961	125
9378.577392	278.325806	0.003368	0.000825	127
9379.073277	324.953430	0.006428	0.000658	129
9379.575451	124.181465	0.002952	0.000739	131
9380.093803	156.329086	0.006595	0.000433	133
9380.558689	259.885986	0.002644	0.001390	135
9381.044065	325.494354	0.004818	0.000359	137
9381.512713	97.466591	0.002164	0.001249	139
9382.011642	148.645935	0.006217	0.000266	141
9382.447120	209.266953	0.001945	0.001207	143
9382.947676	321.357208	0.005583	0.000528	145
9383.582860	83.543625	0.002396	0.001747	147
9384.062758	142.573700	0.006945	0.000404	149
9384.568881	250.266052	0.001415	0.001557	151
9385.079906	335.558136	0.004795	0.000394	153
