crossing time (s)	slope (V/s)	crossing number
9135.903661	139.067547	16700
9136.239855	-1.596412	16701
9136.540418	1.531877	16702
9136.930680	129.173172	16703
9137.245324	3.905765	16704
9137.588147	1.436224	16705
9137.900573	127.194702	16706
9138.402550	1.370007	16707
9138.648888	4.755178	16708
9138.909939	126.069644	16709
9139.288131	-1.376689	16710
9139.540695	-0.695847	16711
9140.003358	127.740145	16712
9140.244973	4.011675	16713
9140.483905	-0.742460	16714
9140.954334	129.226946	16715
9141.301359	0.181178	16716
9141.567363	1.324074	16717
9142.018006	122.638015	16718
9142.352242	-1.491020	16719
9142.620994	-1.009873	16720
9142.985755	120.820712	16721
9143.304153	-0.459775	16722
9143.697606	-1.660242	16723
9143.991454	110.730273	16724
9144.373497	-1.922154	16725
9144.630687	1.595046	16726
9145.114041	103.716926	16727
9145.431010	-1.810084	16728
9145.685934	-2.131942	16729
9146.030926	109.530314	16730
9146.379914	-0.428615	16731
9146.652145	5.285658	16732
9147.022598	110.489709	16733
9147.470387	-2.786660	16734
9147.688012	-4.115730	16735
9148.118748	104.830717	16736
9148.419776	0.339831	16737
9148.649775	1.729072	16738
9149.038633	104.561228	16739
9149.462262	5.535005	16740
9149.637642	-1.931626	16741
9150.080970	101.445544	16742
9150.448057	0.130156	16743
9150.717192	-0.308048	16744
9151.146649	95.140389	16745
9151.478964	-4.320564	16746
9151.621882	-2.232484	16747
9152.082253	92.813615	16748
9152.550135	1.022876	16749
9153.058253	90.904550	16750
9153.522147	-2.324121	16751
9153.652782	-0.901240	16752
9154.027862	86.562112	16753
9154.575931	1.780683	16754
9155.125922	84.347595	16755
9155.573787	-3.924926	16756
9156.110034	75.780430	16757
9156.606989	1.664515	16758
9157.199203	80.136064	16759
9157.597728	2.182691	16760
9158.190999	74.298902	16761
9158.658747	-2.369234	16762
9159.151277	75.952165	16763
9159.649786	-1.600861	16764
9160.174559	68.986360	16765
9160.743818	4.199606	16766
9161.169800	70.781506	16767
9161.669170	-6.237294	16768
9162.239125	62.815135	16769
9162.741916	0.843466	16770
9163.169441	63.474885	16771
9163.669306	-1.095081	16772
9164.173749	62.244738	16773
9164.721241	3.512174	16774
9165.165659	61.391262	16775
9166.033539	56.354007	16776
9166.692591	0.743175	16777
9167.248301	58.845247	16778
9167.751280	-3.222238	16779
9168.230624	51.579532	16780
9168.694223	-1.592860	16781
9169.168085	53.067317	16782
9170.240770	51.921227	16783
9171.306491	50.216514	16784
9172.141944	49.022106	16785
9172.786504	-6.525950	16786
9173.238581	47.421976	16787
9174.323709	44.215229	16788
9174.764291	-0.214287	16789
9175.343616	39.856055	16790
9176.318472	43.200722	16791
9176.751248	-1.368328	16792
9177.320491	45.245169	16793
9177.813169	-2.061677	16794
9178.279376	35.543689	16795
9179.290181	38.639891	16796
9180.374359	38.019541	16797
9181.403155	34.145141	16798
9182.282632	32.175677	16799
9183.368395	29.905911	16800
9183.854490	-5.977493	16801
9184.371847	30.066071	16802
9185.356598	32.164725	16803
9186.329306	28.768637	16804
9187.503881	26.031161	16805
9187.806185	-6.434413	16806
9188.435333	28.430971	16807
9189.406296	26.558761	16808
9190.328507	28.161056	16809
9191.452488	24.606257	16810
9192.363744	26.999077	16811
9193.452669	22.497485	16812
9194.455957	21.984245	16813
9195.445149	21.412639	16814
9196.474036	28.193754	16815
9197.546527	19.013664	16816
9198.465847	18.958020	16817
9199.470039	16.115441	16818
9200.415525	20.105685	16819
9201.471171	15.713846	16820
9202.430501	17.941532	16821
9203.494699	15.024416	16822
9204.504827	15.050971	16823
9205.537480	12.542584	16824
9206.495304	14.207345	16825
9207.559878	10.102344	16826
9208.535605	12.353781	16827
9209.460398	12.240437	16828
9210.018411	-11.171538	16829
9210.603124	14.299943	16830
9211.597909	12.929906	16831
9212.614420	10.349912	16832
9213.614706	10.528476	16833
9214.573355	8.274272	16834
9215.560527	7.568377	16835
9216.620950	12.488531	16836
9217.626711	9.379967	16837
9218.608206	11.370482	16838
9219.666577	10.539672	16839
9220.081188	-9.705207	16840
9220.642681	8.584768	16841
9221.740537	7.101912	16842
9222.646066	13.684003	16843
9223.638129	5.856321	16844
9224.255482	-8.347814	16845
9224.645009	2.727644	16846
9225.691851	1.243109	16847
9226.718246	8.755297	16848
9227.758054	8.528531	16849
9228.692412	7.445849	16850
9229.161991	-2.973249	16851
9229.671700	4.664533	16852
9230.726562	4.058805	16853
9231.102331	0.378412	16854
9231.825753	9.236868	16855
9232.188948	-4.774587	16856
9232.733026	4.749856	16857
9233.308269	-4.106868	16858
9233.811956	2.841876	16859
9234.723742	6.980686	16860
9235.309786	-1.002417	16861
9235.854121	1.089743	16862
9236.686787	7.070055	16863
9237.777295	7.043537	16864
9238.765634	4.496115	16865
9239.877824	3.699019	16866
9240.745454	6.844127	16867
9241.796166	1.095485	16868
9242.297825	-0.829565	16869
9242.776289	7.061444	16870
9243.440924	-4.192110	16871
9243.835190	4.874971	16872
9244.296359	-1.995223	16873
9244.649326	0.153088	16874
9245.904306	5.264455	16875
9246.419579	-10.031865	16876
9246.781065	4.189655	16877
9247.897060	-1.904650	16878
9248.379522	-3.690073	16879
9248.861008	0.871579	16880
9249.380989	-2.819708	16881
9249.875985	6.461142	16882
9250.375184	-4.526589	16883
9250.938179	5.781843	16884
9251.968403	-3.985849	16885
9252.956217	3.588911	16886
9253.913164	6.829221	16887
9254.673951	2.430825	16888
9256.034146	3.358240	16889
9256.518804	-5.023667	16890
9256.926367	4.111852	16891
9257.435318	-3.723004	16892
9258.059836	2.491725	16893
9258.518944	-1.975664	16894
9258.975678	1.544849	16895
9259.538557	-4.425050	16896
9260.124473	0.923826	16897
9260.881538	8.434055	16898
9262.040083	0.449513	16899
9262.508427	1.963866	16900
9263.034129	-1.218068	16901
9263.531219	0.838290	16902
9263.868885	-2.633195	16903
9264.982367	3.143418	16904
9265.547264	-0.848486	16905
9265.915076	3.086361	16906
9266.510934	-2.333822	16907
9266.909875	-1.877331	16908
9268.024665	1.051611	16909
9269.016113	-1.030793	16910
9269.848061	-0.323594	16911
9270.580524	0.151503	16912
9270.628401	1.294713	16913
9270.915305	3.994156	16914
9271.989308	1.318406	16915
9272.563540	1.832496	16916
9272.772732	-3.062779	16917
9273.594103	3.844126	16918
9274.020249	-2.337716	16919
9274.517574	-0.383303	16920
9274.699011	-3.903581	16921
9274.988057	4.358778	16922
9275.633086	4.344791	16923
9276.025609	1.892892	16924
9276.600840	-0.429384	16925
9276.703303	3.070664	16926
9277.045851	4.413299	16927
9277.649516	0.450141	16928
9278.179851	-0.885078	16929
9278.605631	-2.144382	16930
9278.779843	0.166719	16931
9279.001734	5.654125	16932
9279.689538	1.056219	16933
9280.127702	-0.971419	16934
9280.573722	5.361768	16935
9280.803467	-0.008259	16936
9281.722993	1.680022	16937
9281.990794	1.148305	16938
9282.514100	-2.676260	16939
9282.704744	-0.938289	16940
9282.940201	-3.574864	16941
9283.698731	4.284782	16942
9284.178381	-0.683870	16943
9284.473572	-2.175154	16944
9284.701981	-3.117272	16945
9284.904053	0.693670	16946
9285.723915	0.797137	16947
9286.119967	0.737994	16948
9286.434299	5.268311	16949
9286.684312	-4.107655	16950
9286.973816	3.730543	16951
9287.690154	-0.223545	16952
9288.066171	-3.988726	16953
9288.710394	-1.987430	16954
9289.052482	1.771062	16955
9290.030937	-0.491444	16956
9290.407984	-1.060071	16957
9290.640629	-1.450249	16958
9290.819311	2.950120	16959
9291.047157	-0.789746	16960
9291.742523	-0.110894	16961
9292.072524	0.750155	16962
9292.430299	4.559865	16963
9292.662248	-2.743313	16964
9293.005917	-3.032596	16965
9293.466187	-4.725324	16966
9293.762973	-4.570082	16967
9294.103188	2.363263	16968
9294.342174	5.472911	16969
9294.742968	0.959941	16970
9294.905073	2.881686	16971
9295.245047	1.378518	16972
9295.814741	0.833023	16973
9295.938745	2.780584	16974
9296.211247	-1.333533	16975
9296.546098	-2.727770	16976
9296.739876	3.327780	16977
9297.223782	-3.164236	16978
9297.606480	-0.609128	16979
9297.855859	-1.324324	16980
9298.080191	0.246440	16981
9298.428449	1.572434	16982
9298.710412	-1.714093	16983
9298.924501	-0.514171	16984
9299.177876	2.762041	16985
9299.655040	1.569863	16986
9299.815669	1.019782	16987
9300.051938	0.620797	16988
9300.353787	2.463636	16989
9300.717886	2.166722	16990
9300.886800	-2.063908	16991
9301.144076	-1.752567	16992
9301.504365	2.627348	16993
9301.915832	-4.606772	16994
9302.220737	-0.903120	16995
9302.455975	0.529911	16996
9302.695542	-2.535632	16997
9303.003531	-0.905395	16998
9303.252131	1.810238	16999
9303.932336	0.831840	17000
9304.168275	-2.877657	17001
9304.438914	0.352716	17002
9304.633074	0.347418	17003
9304.842366	2.386065	17004
9305.123322	0.521725	17005
9305.505436	0.390008	17006
9306.011141	5.663490	17007
9306.230711	-2.256684	17008
9306.475072	-1.323294	17009
9306.789401	6.406469	17010
9307.003946	5.714873	17011
9307.308254	2.810645	17012
9307.872874	1.124002	17013
9308.208124	0.939431	17014
9308.519601	-2.331263	17015
9308.799085	1.622364	17016
9309.006865	-1.705292	17017
9309.303363	4.593762	17018
9309.902071	3.551863	17019
9310.122186	-0.414275	17020
9310.584403	-1.673160	17021
9310.852721	-2.794866	17022
9311.035534	0.756590	17023
9311.231538	-1.280489	17024
9311.965300	1.140815	17025
9312.149158	5.276117	17026
9312.390877	2.445379	17027
9312.624622	-0.499841	17028
9312.846753	-1.064495	17029
9313.023564	1.690141	17030
9313.216679	-1.560864	17031
9313.458526	4.650225	17032
9313.898077	-3.422110	17033
9314.263707	-2.456015	17034
9314.542025	-0.674439	17035
9314.742564	1.594029	17036
9315.000793	2.722577	17037
9315.282605	4.291373	17038
9315.625405	0.855753	17039
9315.966170	1.267789	17040
9316.177782	3.148030	17041
9316.451795	-2.969254	17042
9316.744270	0.127330	17043
9316.915461	-0.174991	17044
9317.152453	3.731899	17045
9317.406497	5.080419	17046
9317.701070	1.931826	17047
9317.888592	2.999257	17048
9318.224241	0.783881	17049
9318.425505	0.560004	17050
9318.744696	-0.500943	17051
9318.960428	3.416661	17052
9319.169055	0.266984	17053
9319.396431	2.118693	17054
9319.666421	2.049896	17055
9319.919697	-0.099393	17056
9320.132566	2.081627	17057
9320.480301	2.565893	17058
9320.758477	2.451300	17059
9320.922450	-0.214305	17060
9321.173234	-1.627680	17061
9321.387648	3.391938	17062
9322.102935	-0.368779	17063
9322.393795	-0.432213	17064
9322.649705	-0.276589	17065
9322.903050	0.947769	17066
9323.084167	1.850691	17067
9323.333929	-0.874157	17068
9323.564706	0.430895	17069
9323.796314	0.711714	17070
9324.012737	-1.221128	17071
9324.199423	1.926607	17072
9324.511200	-5.053281	17073
9324.818520	-0.219239	17074
9325.116080	-4.023068	17075
9325.220132	1.317741	17076
9325.529879	1.779063	17077
9325.957564	1.850695	17078
9326.171044	1.014033	17079
9326.448942	0.588991	17080
9326.808417	-0.116257	17081
9327.062943	2.960615	17082
9327.302595	-2.842352	17083
9327.576866	-3.128250	17084
9328.058968	1.137483	17085
9328.423702	-0.035267	17086
9328.619478	4.956409	17087
9328.871375	-2.907354	17088
9329.107912	-1.403938	17089
9329.249261	3.525806	17090
9329.582415	3.303830	17091
9329.728672	3.218032	17092
9329.946737	7.284182	17093
9330.175449	5.306436	17094
9330.408608	1.045416	17095
9330.710360	4.742862	17096
9330.949598	0.391383	17097
9331.170367	3.698829	17098
9331.332035	-1.942514	17099
9331.599695	-3.833572	17100
9331.884140	4.323315	17101
9332.131439	1.482917	17102
9332.458247	-1.142823	17103
9332.680111	1.597248	17104
9332.928455	0.093846	17105
9333.169326	-1.091089	17106
9333.496090	-1.054757	17107
9333.782964	-2.240524	17108
9334.116651	-1.921899	17109
9334.405959	2.610628	17110
9334.701535	2.201923	17111
9334.913192	7.540548	17112
9335.150277	0.934728	17113
9335.488179	5.963519	17114
9335.687017	3.248987	17115
9336.036659	0.588893	17116
9336.276422	-1.078351	17117
9336.501070	1.975020	17118
9336.785760	1.568998	17119
9337.012140	-0.841565	17120
9337.238472	2.429303	17121
9337.592090	-5.377243	17122
9338.206574	1.690613	17123
9338.485265	5.596789	17124
9338.754556	0.161374	17125
9338.974571	0.295653	17126
9339.212942	-3.066707	17127
9339.838974	4.261696	17128
9340.017915	0.189615	17129
9340.271962	0.092580	17130
9340.501426	1.576117	17131
9340.862734	1.023604	17132
9341.077819	-1.413239	17133
9341.336968	-2.686630	17134
9341.580412	0.083629	17135
9341.974316	-1.919030	17136
9342.159496	-0.259869	17137
9342.363658	-0.577994	17138
9342.609039	3.718448	17139
9342.919080	2.449619	17140
9343.148657	-1.441306	17141
9343.370377	5.098921	17142
9343.565108	-5.102669	17143
9344.027175	-1.800763	17144
9344.262291	3.564970	17145
9344.442230	-0.779544	17146
9344.711858	1.437586	17147
9344.963272	-0.099594	17148
9345.187735	-0.754618	17149
9345.399729	-0.850515	17150
9345.688929	-1.162099	17151
9346.079049	1.333522	17152
9346.260361	1.165194	17153
9346.559181	1.862855	17154
9346.788818	-0.762615	17155
9347.177975	-0.552472	17156
9347.334860	2.687700	17157
9347.540617	2.831514	17158
9347.786632	-2.908943	17159
9348.113899	1.941945	17160
9348.431427	3.702937	17161
9348.617487	5.237744	17162
9348.850609	-3.855143	17163
9349.066624	1.267094	17164
9349.399939	-2.629287	17165
9349.620086	3.775914	17166
9349.928529	1.412122	17167
9350.125494	-0.098912	17168
9350.344814	-0.787685	17169
9350.559931	2.170082	17170
9350.954210	-3.482258	17171
9351.158283	-2.220920	17172
9351.364054	-0.423010	17173
9351.556558	1.398516	17174
9351.826435	1.315006	17175
9352.165879	2.109132	17176
9352.412480	-0.499583	17177
9352.573996	5.644891	17178
9352.905836	-1.934477	17179
9353.079844	-0.390588	17180
9353.324377	-3.876344	17181
9353.594426	-1.171356	17182
9353.856359	-3.669094	17183
9354.108162	-0.125815	17184
9354.390133	-0.900287	17185
9354.609716	2.209947	17186
9354.868888	-2.311357	17187
9355.079977	-0.337910	17188
9355.360194	-2.465286	17189
9355.516535	-0.601248	17190
9355.769764	1.313114	17191
9356.091685	-4.774251	17192
9356.318327	1.458375	17193
9356.669164	-2.390802	17194
9356.929711	-0.110516	17195
9357.291551	-2.430034	17196
9357.628273	0.230228	17197
9357.984047	-3.117986	17198
9358.196764	1.164828	17199
9358.431865	2.447191	17200
9358.952992	-2.023375	17201
9359.164398	2.911881	17202
9359.488429	0.233039	17203
9359.747109	-1.688840	17204
9359.978714	1.667817	17205
9360.233691	0.617757	17206
9360.573337	-6.095036	17207
9360.819020	3.503557	17208
9361.035401	1.299293	17209
9361.264473	1.993634	17210
9361.484340	0.252397	17211
9361.752094	2.677080	17212
9361.999834	1.181127	17213
9362.319552	-1.370570	17214
9362.555228	2.387692	17215
9362.817689	2.666911	17216
9363.029802	0.055674	17217
9363.290944	-4.638932	17218
9363.498377	-0.057627	17219
9363.709574	-3.353235	17220
9363.970533	-0.824646	17221
9364.199456	0.633680	17222
9364.383037	2.939768	17223
9364.576335	0.732299	17224
9364.787692	-1.184713	17225
9364.978050	2.033634	17226
9365.259464	-0.794069	17227
9365.544858	-0.078300	17228
9365.725741	-0.199807	17229
9365.977976	-0.790158	17230
9366.268349	4.584591	17231
9366.538042	1.548168	17232
9366.764556	2.931406	17233
9366.959860	-1.788568	17234
9367.183152	-2.321676	17235
9367.454331	4.824081	17236
9367.704789	4.012123	17237
9367.921121	0.887475	17238
9368.173603	0.796486	17239
9368.576366	2.955464	17240
9368.911425	0.838588	17241
9369.072643	-1.392653	17242
9369.332989	-2.766556	17243
9369.508985	-1.293990	17244
9369.780718	-1.712850	17245
9369.999598	1.935238	17246
9370.220176	5.121953	17247
9370.462234	3.372880	17248
9370.849224	-0.424223	17249
9371.062312	1.011504	17250
9371.355866	3.400239	17251
9371.588532	-9.770383	17252
9371.799498	1.565442	17253
9372.027769	58.492129	17254
9372.264418	2.769361	17255
9372.727367	0.161230	17256
9372.943696	2.225855	17257
9373.175708	-2.174771	17258
9373.422149	0.775857	17259
9373.675398	-3.966495	17260
9373.919486	-2.296119	17261
9374.149126	1.695732	17262
9374.423151	-2.001927	17263
9374.665521	1.115660	17264
9374.903853	-2.188848	17265
9375.121112	3.309342	17266
9375.397029	-1.006946	17267
9375.623532	4.265276	17268
9375.820421	-0.778190	17269
9376.074239	1.521509	17270
9376.311157	2.198776	17271
9376.696191	4.883825	17272
9376.992715	1.218631	17273
9377.258419	-2.750889	17274
9377.539450	0.481816	17275
9377.766396	2.459919	17276
9378.154574	-2.440098	17277
9378.382035	2.126292	17278
9378.544374	0.131883	17279
9378.803885	4.864550	17280
9379.089658	-0.625285	17281
9379.331217	-1.155475	17282
9379.577955	1.782974	17283
9379.831716	-0.119451	17284
9380.079485	-4.568628	17285
9380.284781	-4.923276	17286
9380.546193	-1.871247	17287
9380.825235	-2.781290	17288
9381.050779	-0.161630	17289
9381.263959	-2.403137	17290
9381.505084	0.278174	17291
9381.793348	2.949709	17292
9382.006632	-1.269120	17293
9382.207549	-0.874704	17294
9382.449506	2.997079	17295
9382.686064	1.352122	17296
9382.927653	0.216375	17297
9383.243762	-1.524930	17298
9383.580415	0.907949	17299
9383.808673	3.149205	17300
9384.066667	-3.911586	17301
9384.311168	0.230778	17302
9384.554759	1.880275	17303
9384.843308	-1.354622	17304
9385.077873	0.916419	17305
9385.283710	4.173425	17306
9385.595275	0.417770	17307
