time (s)	theta (A)	maj axis/z0	min axis/z0	crossing#mod 255
9606.849634	328.888641	0.407010	-0.100000	187
9607.850672	145.891296	0.627523	0.100000	189
9608.864206	336.230408	0.541703	0.100000	191
9609.507242	71.111229	0.252453	0.100000	193
9610.331214	232.884705	0.265408	0.100000	195
9611.333987	48.258625	0.206400	0.100000	197
9612.355606	233.400681	0.244402	0.100000	199
9613.305240	90.676163	0.391083	0.100000	201
9613.898089	155.911133	0.536537	0.100000	203
9614.509765	252.428467	0.231712	0.100000	205
9615.424584	44.616150	0.175739	0.100000	207
9616.359324	232.624573	0.211968	0.100000	209
9617.442370	42.033024	0.154034	0.100000	211
9618.457858	230.959641	0.195330	0.100000	213
9619.509011	43.913597	0.143396	0.100000	215
9620.428617	231.437698	0.190124	0.100000	217
9621.408821	48.225536	0.132906	0.100000	219
9622.985660	317.226074	0.455310	0.100000	221
9623.973430	158.018372	0.578346	0.100000	223
9624.998638	332.592957	0.609819	0.100000	225
9625.992195	160.070419	0.607959	0.100000	227
9627.015135	339.242615	0.559557	0.100000	229
9628.011417	152.614990	0.559124	0.100000	231
9629.027859	352.169373	0.467818	0.100000	233
9631.041297	315.388672	0.397441	0.100000	235
9632.050655	170.962067	0.427696	0.100000	237
9633.565700	48.809708	0.112778	0.100000	239
9634.560260	231.734558	0.114667	0.100000	241
9635.618629	48.511566	0.103505	0.100000	243
9636.564111	232.712723	0.114656	0.100000	245
9638.093582	155.825623	0.836574	0.081278	247
9640.106810	156.432678	0.810610	0.080138	249
9642.119634	156.754120	0.788930	0.078436	251
9644.134532	135.834305	0.366428	0.100000	253
9645.169962	352.477112	0.423114	0.100000	255
9647.189436	334.837921	0.734794	0.074319	1
9649.201562	334.926270	0.713619	0.072715	3
9650.690119	232.752533	0.091240	0.100000	5
9652.199725	157.364044	0.685616	0.069249	7
9654.217612	157.297073	0.664417	0.067531	9
9656.230811	157.274628	0.647252	0.065765	11
9658.247041	157.176147	0.628353	0.064396	13
9660.260499	157.199173	0.610997	0.063155	15
9662.280464	157.218491	0.592464	0.061862	17
9664.294135	157.286850	0.575455	0.060509	19
9665.816573	56.026848	0.054272	0.100000	21
9667.353515	335.342133	0.546785	0.058678	23
9669.375439	335.578278	0.531872	0.057258	25
9671.381452	335.653534	0.518955	0.056155	27
9673.398567	335.779510	0.503839	0.054601	29
9675.414030	336.104309	0.492269	0.053024	31
9677.422302	336.307220	0.477732	0.051579	33
9679.436115	336.633240	0.464465	0.049587	35
9681.441968	336.510956	0.451247	0.048716	37
9683.458483	336.369080	0.436242	0.047885	39
9685.471089	336.583862	0.420953	0.045819	41
9687.501550	336.869263	0.408070	0.044133	43
9689.516379	336.955078	0.395226	0.043085	45
9691.537236	336.794617	0.384710	0.041369	47
9693.559142	310.861084	0.225474	0.100000	49
9694.540273	181.572159	0.231437	0.100000	51
9696.546734	158.078476	0.357571	0.038977	53
9698.571055	158.272202	0.347127	0.037881	55
9700.582206	158.243225	0.337147	0.036665	57
9702.590880	158.000061	0.328417	0.035550	59
9704.617604	158.074188	0.316273	0.034828	61
9706.634441	158.308899	0.308147	0.033403	63
9708.647543	138.168655	0.199402	0.070313	65
9709.686157	358.504822	0.194355	0.071365	67
9711.163674	239.940384	0.098495	0.100000	69
9712.683416	157.495895	0.280967	0.031107	71
9714.708980	156.922806	0.272194	0.030239	73
9716.736942	156.899567	0.265550	0.029379	75
9718.755006	156.785858	0.258090	0.028901	77
9720.739719	157.262970	0.252760	0.028373	79
9722.760773	157.588928	0.245935	0.028035	81
9724.776696	157.605942	0.239922	0.026927	83
9726.773174	158.045990	0.232152	0.026265	85
9728.324606	67.827049	0.020562	0.089301	87
9729.862578	336.343628	0.219569	0.025419	89
9731.368677	244.574463	0.023964	0.100000	91
9732.361596	67.853310	0.019158	0.079602	93
9733.906638	306.696564	0.132199	0.075917	95
9734.784333	197.524948	0.114419	0.090936	97
9736.398437	69.015045	0.017897	0.069857	99
9737.344924	245.954254	0.022422	0.100000	101
9738.452740	67.293678	0.016869	0.063290	103
9739.938345	290.458069	0.096196	0.097720	105
9740.843138	190.158615	0.115745	0.070309	107
9742.837789	160.624359	0.175296	0.023419	109
9744.437328	69.190895	0.015059	0.054103	111
9745.473648	242.406754	0.019212	0.085948	113
9746.438402	50.750652	0.024913	0.047180	115
9748.022737	264.055939	0.041325	0.100000	117
9748.913123	188.682587	0.107050	0.061839	119
9750.907591	145.034561	0.120462	0.028701	121
9752.025354	337.421936	0.129405	0.013476	123
9752.858384	158.592621	0.136326	0.012778	125
9754.073693	338.501434	0.120551	0.012251	127
9754.863025	171.770462	0.117429	0.029040	129
9756.833139	143.538544	0.116412	0.031053	131
9758.088962	350.660522	0.103898	0.022096	133
9760.100986	271.973663	0.047001	0.096122	135
9760.852367	149.813736	0.044262	0.003282	137
9761.769344	248.702850	0.015264	0.062907	139
9762.547608	1.222333	0.036895	0.010139	141
9763.035845	160.666611	0.092273	0.006411	143
9764.051921	350.312927	0.106920	0.023245	145
9765.534010	171.206177	0.051360	0.007969	147
9766.021757	335.329315	0.060092	0.003404	149
9766.587724	77.294563	0.012650	0.036551	151
9767.649911	243.417526	0.014744	0.052478	153
9768.533520	67.798203	0.012445	0.056780	155
9769.651871	234.788910	0.016210	0.036441	157
9770.704839	47.835773	0.025051	0.049661	159
9771.601960	179.143509	0.047026	0.013181	161
9772.106018	351.692383	0.069567	0.013325	163
9773.754761	229.501328	0.026460	0.056176	165
9774.586627	63.862041	0.012057	0.044054	167
9775.386546	168.424362	0.047208	0.004565	169
9776.010970	332.867462	0.043032	0.002274	171
9776.739021	56.916618	0.011593	0.026031	173
9777.239934	163.480148	0.059800	0.003673	175
9778.092404	334.012115	0.068219	0.005678	177
9778.708504	109.251816	0.018859	0.017166	179
9779.472847	166.608368	0.042292	0.002376	181
9780.109472	337.977142	0.082081	0.006897	183
9780.926476	148.567627	0.029026	0.002970	185
9781.674780	242.697769	0.012640	0.042596	187
9782.626679	65.406685	0.011090	0.042070	189
9784.060889	250.917465	0.012311	0.050545	191
9784.612790	1.386866	0.021371	0.005005	193
9785.152048	161.313828	0.071279	0.005343	195
9785.999928	328.602692	0.025978	0.001915	197
9786.703269	13.735157	0.029969	0.015655	199
9787.410526	161.819977	0.054536	0.003422	201
9788.162009	330.916077	0.046368	0.004170	203
9788.722522	70.845139	0.007753	0.022304	205
9789.452094	164.586884	0.042768	0.002352	207
9789.997724	330.397430	0.038033	0.003120	209
9790.584505	354.394562	0.022713	0.003001	211
9791.115818	158.950974	0.064153	0.004683	213
9792.264366	331.816193	0.051821	0.004877	215
9792.788410	67.209740	0.005579	0.012526	217
9793.327089	162.632004	0.050407	0.003146	219
9794.117230	329.021759	0.029142	0.002534	221
9794.713943	352.979523	0.028263	0.003637	223
9795.180206	158.023758	0.051954	0.003245	225
9795.919095	283.010010	0.010764	0.010112	227
9796.465752	344.466248	0.041099	0.002551	229
9797.133249	150.412827	0.029386	0.002348	231
9797.779740	229.715683	0.011386	0.020637	233
9798.483531	341.805054	0.039759	0.002079	235
9798.915073	123.785530	0.012108	0.005566	237
9799.452250	163.216354	0.036984	0.001852	239
9800.055084	327.280090	0.026195	0.002842	241
9800.582788	348.364380	0.026951	0.002040	243
9801.084669	148.077484	0.017892	0.001623	245
9801.501431	178.088120	0.029956	0.007656	247
9802.486328	340.386414	0.041008	0.002290	249
9803.177148	154.444260	0.062640	0.006257	251
9804.204648	330.574493	0.028517	0.002088	253
9804.652234	24.473335	0.015826	0.010987	255
9805.559975	159.632660	0.040729	0.002291	1
9806.069041	308.082916	0.012265	0.004817	3
9806.549265	344.202057	0.032814	0.001700	5
9807.122146	137.589676	0.015230	0.003411	7
9808.039423	207.488449	0.019642	0.018373	9
9808.485670	340.820770	0.029007	0.001295	11
9808.904750	71.553902	0.004399	0.007925	13
9809.401742	157.208878	0.026130	0.001104	15
9809.853122	183.391693	0.011046	0.003100	17
9810.302156	337.172638	0.031100	0.001462	19
9810.907000	12.837837	0.011543	0.004416	21
9811.352550	157.510895	0.038700	0.001887	23
9812.052138	291.168365	0.012814	0.010586	25
9812.751985	345.297028	0.024837	0.001455	27
9813.205711	146.510880	0.018656	0.002191	29
9813.920892	179.778259	0.022595	0.006755	31
9814.436291	339.932251	0.033953	0.001782	33
9815.117157	129.197495	0.015570	0.006000	35
9815.659923	164.623764	0.023964	0.000795	37
9816.169482	322.997101	0.013982	0.002106	39
9816.620248	343.397278	0.024865	0.001212	41
9817.086635	131.364777	0.011113	0.003550	43
9817.785745	163.496552	0.030384	0.001491	45
9818.258500	328.697449	0.018373	0.001579	47
9818.737938	346.424530	0.021485	0.001333	49
9819.215501	145.923325	0.014587	0.001560	51
9819.669603	163.616928	0.025761	0.001284	53
9820.172222	317.473328	0.010542	0.002163	55
9820.639902	131.964935	0.344874	0.100000	57
9821.721142	219.747925	-0.139667	0.100000	59
9822.206982	196.583755	-0.062891	-0.019282	61
9822.635355	129.835831	0.011860	-0.017596	63
9823.145988	34.129211	-0.136211	-0.011169	65
9823.664225	34.813557	-0.069415	0.000038	67
9824.172943	97.928474	-0.009905	-0.004426	69
9824.657182	100.160995	1.051736	0.100000	71
9825.493609	189.439484	0.659257	-0.100000	73
9825.964749	274.187317	0.582428	-0.100000	75
9826.593924	1.017223	0.740315	-0.100000	77
9827.088232	198.864319	-0.096585	-0.100000	79
9827.611821	119.032822	-1.258460	-0.100000	81
9828.041040	318.574097	-0.064721	0.100000	83
9828.568530	213.026672	0.149869	0.022884	85
9829.040582	243.571884	-0.102988	-0.016954	87
9829.574539	213.205215	-0.139920	0.035291	89
9830.098927	194.195892	-0.274444	0.024845	91
9830.590636	347.128876	-0.936981	0.100000	93
9831.122834	74.059784	0.178018	-0.100000	95
9831.602712	228.963821	0.188340	0.100000	97
