time (s)	theta (A)	maj axis/z0	min axis/z0	crossing#mod 255
8933.430353	88.077263	0.503395	0.100000	147
8934.046497	136.595200	0.654935	0.100000	149
8934.746997	131.515564	0.328197	-0.100000	151
8935.429577	87.524086	0.483548	0.100000	153
8936.067321	127.896187	0.614120	0.100000	155
8936.639872	177.458176	0.515439	0.100000	157
8937.447307	85.549652	0.461736	0.100000	159
8938.087205	135.668442	0.675531	0.100000	161
8939.096985	312.148560	0.547540	0.023047	163
8939.699746	2.056257	0.501137	0.100000	165
8940.470514	207.165726	0.106895	0.100000	167
8941.114601	319.551971	0.607110	0.100000	169
8942.124898	130.205887	0.521496	-0.100000	171
8942.700580	235.176910	0.079197	0.100000	173
8943.533606	21.624662	0.120785	0.100000	175
8944.141251	138.115448	0.591432	0.100000	177
8945.152704	321.770020	0.610258	0.100000	179
8946.158059	135.330200	0.696854	0.100000	181
8947.171874	318.561188	0.651980	0.100000	183
8948.173922	138.806702	0.612187	0.100000	185
8949.192594	311.335907	0.524861	0.100000	187
8950.190346	126.972122	0.619746	0.100000	189
8951.207958	308.482788	0.609464	0.100000	191
8952.207444	143.288559	0.418886	0.100000	193
8953.702706	48.604599	0.049042	0.100000	195
8954.666863	220.607361	0.058644	0.100000	197
8955.800938	48.211723	0.046730	0.100000	199
8956.651784	220.569321	0.053225	0.100000	201
8957.787548	48.287304	0.045345	0.100000	203
8958.838314	220.948029	0.049692	0.100000	205
8960.282246	133.202393	0.880659	0.032550	207
8961.842374	46.763500	0.044071	0.100000	209
8963.306635	313.968872	0.834970	0.032635	211
8965.324148	313.915863	0.802288	0.032438	213
8967.344863	313.461731	0.771345	0.031652	215
8969.367671	313.021393	0.741084	0.031109	217
8970.898151	225.083618	0.042844	0.100000	219
8972.372848	134.454544	0.704891	0.031076	221
8974.385168	134.594604	0.673191	0.030169	223
8976.407694	121.932587	0.371140	0.086196	225
8977.437839	331.054169	0.324729	0.100000	227
8979.449277	313.730164	0.617753	0.029084	229
8981.464420	314.142670	0.592749	0.028195	231
8983.476911	314.304291	0.568252	0.027594	233
8985.497623	314.293091	0.544188	0.027102	235
8987.512967	314.139923	0.523452	0.026720	237
8989.536001	313.844238	0.501826	0.026095	239
8991.542995	313.681549	0.482210	0.025704	241
8993.558980	313.643219	0.462610	0.024900	243
8995.580782	313.589996	0.445957	0.024680	245
8997.591688	313.554596	0.426967	0.023547	247
8999.612706	313.661102	0.410000	0.023036	249
9001.626079	313.713623	0.392928	0.022666	251
9003.644018	313.612427	0.376439	0.022394	253
9005.661401	313.781464	0.359082	0.022018	255
9007.691721	313.743896	0.344754	0.021712	1
9009.711282	313.870911	0.328619	0.021351	3
9011.716295	314.135803	0.317663	0.020814	5
9013.247616	222.518448	0.018085	0.100000	7
9014.699826	133.843292	0.303122	0.020130	9
9016.718469	133.838577	0.289380	0.020257	11
9018.742167	134.072830	0.278367	0.019553	13
9020.766216	134.285278	0.266559	0.019025	15
9022.790311	117.943054	0.163646	0.048426	17
9023.818023	326.429108	0.179873	0.041411	19
9025.320183	222.677734	0.016858	0.100000	21
9026.321580	44.995758	0.013768	0.094344	23
9027.839433	313.940552	0.231996	0.016882	25
9029.392010	223.282486	0.015608	0.099964	27
9030.871950	134.572586	0.217149	0.016276	29
9032.322822	45.718102	0.013250	0.082934	31
9033.874414	296.204834	0.142025	0.045582	33
9034.931242	145.244476	0.147017	0.027459	35
9036.891653	113.977463	0.126766	0.047652	37
9037.928936	315.533875	0.153588	0.015625	39
9038.945340	143.471527	0.138019	0.021247	41
9040.462738	44.767548	0.013585	0.082676	43
9041.426720	223.902481	0.011295	0.074758	45
9042.898769	133.564804	0.172055	0.013500	47
9044.980661	133.394806	0.165023	0.013574	49
9046.489141	341.848694	0.042966	0.016566	51
9046.973986	210.142136	0.028450	0.090746	53
9048.951934	121.845581	0.113951	0.025781	55
9050.014935	313.696808	0.117471	0.010416	57
9051.004846	141.669876	0.123996	0.017093	59
9052.483247	26.751593	0.019303	0.043367	61
9053.555440	220.738403	0.014948	0.085159	63
9054.987869	136.635056	0.138011	0.012955	65
9056.420530	38.536243	0.009550	0.038637	67
9057.640916	220.662476	0.014766	0.074576	69
9058.957177	135.929413	0.126725	0.010797	71
9060.694431	40.524109	0.009780	0.048992	73
9061.646930	221.412094	0.011545	0.055610	75
9062.541821	326.706421	0.038893	0.004715	77
9062.975540	137.637817	0.087151	0.005017	79
9063.927660	308.978455	0.037969	0.001448	81
9064.673237	42.460930	0.009387	0.041587	83
9065.408083	221.141998	0.009629	0.048376	85
9066.628418	44.022594	0.009602	0.046006	87
9067.678235	161.049286	0.029396	0.012204	89
9068.158286	315.454712	0.052945	0.002371	91
9068.676446	70.074539	0.011268	0.016900	93
9070.080632	225.684845	0.008645	0.060186	95
9070.729464	53.729633	0.009214	0.028253	97
9071.675821	196.520462	0.017855	0.026778	99
9072.221159	316.210815	0.039442	0.001618	101
9072.732722	55.200516	0.006267	0.014522	103
9073.251306	138.312820	0.049497	0.002141	105
9074.030687	309.103363	0.039308	0.002009	107
9074.764267	45.369320	0.007543	0.028062	109
9075.712385	203.862534	0.015470	0.030631	111
9076.330258	320.669525	0.043160	0.003017	113
9077.046005	129.063263	0.030790	0.001800	115
9077.799570	210.189316	0.009887	0.023515	117
9078.269816	317.980316	0.042158	0.002356	119
9079.117036	131.965302	0.059625	0.004368	121
9079.899330	289.064728	0.018326	0.006109	123
9080.398354	320.159668	0.032951	0.001730	125
9080.953383	123.456894	0.016581	0.001748	127
9081.364923	138.210175	0.031559	0.000947	129
9082.000859	290.411469	0.019916	0.006308	131
9082.817639	343.036377	0.023814	0.009705	133
9083.318248	138.111755	0.046472	0.002227	135
9083.983547	306.535858	0.030849	0.002327	137
9084.599537	333.618256	0.018001	0.003765	139
9085.169535	133.899200	0.028583	0.001055	141
9085.817662	180.164795	0.012545	0.009301	143
9086.272896	314.866211	0.040198	0.001911	145
9086.917953	80.613380	0.006982	0.007283	147
9087.517042	138.658829	0.035885	0.001480	149
9087.954298	295.187347	0.012470	0.002433	151
9088.410467	316.434143	0.027339	0.001145	153
9088.989383	97.572922	0.012742	0.007905	155
9089.569313	140.528549	0.029002	0.001520	157
9090.052991	306.365540	0.021963	0.001549	159
9090.636051	323.111542	0.021981	0.001544	161
9091.099345	129.713913	0.019938	0.001108	163
9091.967371	208.223190	0.009675	0.021243	165
9092.623892	320.645416	0.031095	0.002194	167
9093.089285	126.991417	0.016297	0.001205	169
9093.923449	200.116867	0.012299	0.020938	171
9094.497711	318.937073	0.027791	0.001705	173
9095.020154	115.981606	0.010823	0.002149	175
9095.437659	137.592545	0.032038	0.001316	177
9096.221235	310.931671	0.027923	0.001457	179
9096.773882	344.354736	0.011335	0.003549	181
9097.342031	135.503769	0.043085	0.002021	183
9098.196599	310.194885	0.022560	0.001350	185
9098.692955	326.595825	0.016095	0.001611	187
9099.138951	130.407608	0.035753	0.002239	189
9099.960815	246.007355	0.005779	0.010079	191
9100.663343	322.833527	0.025327	0.002234	193
9101.169363	135.097290	0.045772	0.002781	195
9102.240427	311.811493	0.019428	0.000530	197
9102.772419	331.223724	0.015982	0.002625	199
9103.364017	131.543030	0.023559	0.001008	201
9103.789334	147.132767	0.009765	0.001221	203
9104.257396	311.052124	0.019371	0.000920	205
9104.739391	324.466278	0.015689	0.000923	207
9105.193345	124.387016	0.014131	0.001399	209
9105.979640	205.939453	0.007674	0.015582	211
9106.659513	319.773224	0.025206	0.001413	213
9107.113137	114.696350	0.008505	0.001567	215
9107.907529	143.007462	0.023806	0.002615	217
9108.341235	310.530670	0.019835	0.000939	219
9108.802972	333.414429	0.010618	0.001887	221
9109.361944	134.027985	0.026911	0.001284	223
9110.061114	229.199738	0.003101	0.005387	225
9110.525221	315.375153	0.020073	0.000966	227
9110.995437	42.192814	0.002909	0.006466	229
9111.512620	136.479614	0.019026	0.000695	231
9112.212301	251.274139	0.007115	0.008873	233
9112.659436	320.458466	0.017638	0.000861	235
9113.178390	121.542221	0.011433	0.001417	237
9113.878437	143.559860	0.017114	0.001405	239
9114.328930	308.700531	0.016671	0.000953	241
9114.812435	327.819214	0.011375	0.001481	243
9115.344965	128.605331	0.013615	0.000879	245
9116.142385	209.762543	0.005346	0.011288	247
9116.696290	317.786407	0.019286	0.000691	249
9117.157248	93.878128	0.004585	0.002369	251
9117.714968	140.224899	0.022052	0.001423	253
9118.466280	308.475769	0.017640	0.001323	255
9118.905730	328.819885	0.008675	0.001111	1
9119.327868	129.400085	0.016000	0.000881	3
9120.116062	211.792801	0.004024	0.008001	5
9120.613789	316.245056	0.016535	0.000492	7
9121.072672	37.766518	0.002105	0.003093	9
9121.530251	136.896667	0.021996	0.001134	11
9122.200921	271.696686	0.004270	0.002414	13
9122.630548	317.405548	0.015630	0.000413	15
9123.107595	91.080009	0.007397	0.004685	17
9123.751965	142.986786	0.014560	0.001118	19
9124.370275	306.326233	0.009939	0.000695	21
9124.813114	324.283386	0.012564	0.001310	23
9125.407608	128.571411	0.013669	0.000941	25
