crossing time (s)	slope (V/s)	crossing number
8933.007639	119.906769	16274
8933.434653	1.950122	16275
8933.654780	0.630380	16276
8934.037990	112.783872	16277
8934.503845	4.309032	16278
8934.694206	-5.232398	16279
8935.007872	109.503947	16280
8935.437137	-0.569802	16281
8935.665980	-1.347028	16282
8936.094181	103.737084	16283
8936.445565	-1.217083	16284
8936.648154	7.881668	16285
8937.061800	99.589150	16286
8937.440467	-2.345329	16287
8937.648244	-1.345614	16288
8938.060430	100.329261	16289
8938.579020	-2.144465	16290
8939.120435	94.530856	16291
8939.497758	-7.023926	16292
8939.702493	0.491847	16293
8940.170992	98.427028	16294
8940.525000	-1.863457	16295
8940.730629	4.407953	16296
8941.196781	96.401771	16297
8941.519926	-0.577953	16298
8942.144104	94.823103	16299
8942.594475	-3.514774	16300
8942.719461	-0.568869	16301
8943.130056	88.273038	16302
8943.556023	-3.487595	16303
8943.706328	-0.665861	16304
8944.115405	88.309587	16305
8944.665347	-3.407922	16306
8945.137614	81.706752	16307
8945.611020	0.346716	16308
8946.199631	82.603530	16309
8946.712651	-0.741429	16310
8947.105616	78.468523	16311
8947.710364	-1.927802	16312
8948.146753	76.265902	16313
8948.691506	-0.265962	16314
8949.248893	77.909696	16315
8949.663158	0.850308	16316
8950.174845	74.630986	16317
8950.690895	2.614361	16318
8951.115343	68.607630	16319
8951.670194	-1.799116	16320
8952.225722	67.196066	16321
8953.246546	67.233440	16322
8953.736719	2.116093	16323
8954.178187	63.027830	16324
8954.742728	0.234284	16325
8955.144927	64.253369	16326
8955.738557	-3.446922	16327
8956.136680	55.738889	16328
8956.802603	-3.063678	16329
8957.224988	52.470806	16330
8957.751171	-0.586646	16331
8958.136898	52.143560	16332
8958.750804	-2.930681	16333
8959.254490	54.782811	16334
8960.329501	50.528904	16335
8961.236933	45.527150	16336
8961.727175	-1.351575	16337
8962.245055	49.376993	16338
8963.301798	45.114475	16339
8964.356042	43.388671	16340
8965.289877	40.551679	16341
8966.333128	42.354109	16342
8967.320641	33.263096	16343
8968.325790	36.763977	16344
8969.386089	41.363312	16345
8970.306936	34.033818	16346
8970.837855	-3.967963	16347
8971.440778	33.296800	16348
8972.418086	29.470428	16349
8973.393223	28.265465	16350
8974.319288	33.153894	16351
8975.446370	32.290478	16352
8976.447028	26.778449	16353
8976.842010	-3.741527	16354
8977.438689	27.284841	16355
8978.414454	23.191972	16356
8979.443991	26.127745	16357
8980.390851	24.762358	16358
8981.508970	23.464698	16359
8982.425298	24.162759	16360
8983.471805	22.270633	16361
8984.454089	24.102878	16362
8985.573963	19.226526	16363
8986.571658	21.438280	16364
8987.547512	17.184299	16365
8988.526138	15.278937	16366
8989.624806	15.042118	16367
8990.535893	16.439264	16368
8991.443473	17.807370	16369
8992.500657	14.983301	16370
8993.441674	13.658457	16371
8994.624007	13.201974	16372
8995.557688	13.117035	16373
8996.551826	17.076268	16374
8997.507735	13.329766	16375
8998.589358	10.437315	16376
8999.627663	10.094625	16377
9000.633196	13.152548	16378
9001.610490	12.493546	16379
9002.634765	11.524376	16380
9003.636404	11.717710	16381
9004.618339	13.640662	16382
9005.646725	9.470816	16383
9006.687356	11.182289	16384
9007.753957	10.547463	16385
9008.605647	12.867472	16386
9009.709211	5.279036	16387
9010.706070	6.683529	16388
9011.549088	4.558119	16389
9012.715708	8.082817	16390
9013.144588	-8.533325	16391
9013.741774	5.440964	16392
9014.681843	6.705289	16393
9015.696319	3.519187	16394
9016.690661	6.999287	16395
9017.740662	9.321012	16396
9018.736293	5.371101	16397
9019.770275	4.121443	16398
9020.791482	4.340759	16399
9021.827460	6.610086	16400
9022.779365	7.225694	16401
9023.346918	-6.115877	16402
9023.813019	2.493365	16403
9024.765854	5.177272	16404
9025.331552	-2.766476	16405
9025.793886	3.462236	16406
9026.382564	-6.540852	16407
9026.796235	5.254520	16408
9027.800287	1.459063	16409
9028.897381	4.645306	16410
9029.250183	-4.736031	16411
9029.809465	4.021988	16412
9030.877536	1.890364	16413
9031.887112	1.452175	16414
9032.488176	-5.557672	16415
9032.810115	2.413695	16416
9033.841202	3.942776	16417
9034.407239	-5.558687	16418
9034.992921	6.123467	16419
9035.805845	2.096193	16420
9036.850595	3.999324	16421
9037.402995	-0.020739	16422
9037.936496	2.381339	16423
9038.384944	-5.758864	16424
9038.958648	-0.167444	16425
9039.795289	-1.012419	16426
9040.412099	-3.625397	16427
9041.000401	6.899054	16428
9041.508758	-3.009234	16429
9041.910096	2.398384	16430
9042.773023	4.102081	16431
9043.913251	3.736402	16432
9044.971492	2.572277	16433
9045.985932	-3.391586	16434
9046.500134	3.461500	16435
9046.495925	1.711061	16436
9046.938508	3.661119	16437
9048.025201	3.477574	16438
9048.915164	6.194967	16439
9049.507038	2.028705	16440
9049.955272	-0.212944	16441
9050.564188	3.263281	16442
9051.030917	-1.366699	16443
9051.885524	4.034095	16444
9052.579618	-0.547371	16445
9052.776881	-0.575541	16446
9053.550429	-1.966754	16447
9054.141520	3.153011	16448
9054.986204	-0.933940	16449
9056.036311	4.045770	16450
9056.516826	-3.587810	16451
9056.883359	-0.827520	16452
9057.596692	-2.853155	16453
9058.119220	2.312571	16454
9058.919990	0.772615	16455
9059.901931	-0.305819	16456
9060.630492	-4.531140	16457
9061.101848	1.882963	16458
9061.650053	3.889266	16459
9062.057725	1.401468	16460
9062.587190	-0.752129	16461
9062.702401	-0.200207	16462
9062.901590	-2.392780	16463
9063.641961	-2.232038	16464
9063.831658	-2.033269	16465
9064.082136	-1.581617	16466
9064.706241	-1.698943	16467
9065.086269	2.294649	16468
9065.604467	0.488295	16469
9066.066202	1.567441	16470
9066.644866	-2.141938	16471
9067.166400	0.484160	16472
9067.695327	-4.095257	16473
9067.751446	2.766355	16474
9068.141652	2.271089	16475
9068.507904	2.447664	16476
9068.682950	-1.571467	16477
9069.024021	3.942989	16478
9070.046805	6.892290	16479
9070.423435	0.287879	16480
9070.707310	-4.014674	16481
9071.135186	-1.042916	16482
9071.709272	-0.964795	16483
9071.957573	-1.047608	16484
9072.253848	1.725710	16485
9072.536600	0.625902	16486
9072.712921	2.534757	16487
9072.979730	1.095749	16488
9073.222728	-0.402861	16489
9073.703635	-3.112475	16490
9073.965510	-2.751134	16491
9074.293393	4.660316	16492
9074.749078	0.210811	16493
9075.074862	-0.701972	16494
9075.714745	1.590187	16495
9076.057590	3.781074	16496
9076.384158	-5.318366	16497
9076.736389	0.239208	16498
9076.996277	2.317380	16499
9077.261299	-1.367347	16500
9077.768255	-1.740125	16501
9078.007408	-1.319563	16502
9078.271168	1.428962	16503
9078.721555	-2.958277	16504
9079.055872	1.762948	16505
9079.646230	-4.031393	16506
9079.860762	-0.352353	16507
9080.159543	0.291031	16508
9080.426155	-1.827612	16509
9080.716377	-1.035025	16510
9080.874437	3.377750	16511
9081.120482	0.353789	16512
9081.444872	-0.540532	16513
9081.647719	-0.374999	16514
9081.952005	0.103986	16515
9082.207440	-1.640520	16516
9082.816541	0.209933	16517
9082.989938	-1.321382	16518
9083.336244	-2.162483	16519
9083.795123	1.203846	16520
9083.948155	-0.696695	16521
9084.379054	-0.312843	16522
9084.622874	-0.844193	16523
9084.884589	-3.367136	16524
9085.134433	0.717669	16525
9085.435880	3.071933	16526
9085.819825	-3.139671	16527
9085.958826	-3.017778	16528
9086.229634	4.407017	16529
9086.679672	-0.215116	16530
9086.887311	0.199764	16531
9087.101151	0.570998	16532
9087.573079	2.281368	16533
9087.786147	5.553849	16534
9087.918632	-2.030613	16535
9088.163494	-0.514259	16536
9088.435267	3.644327	16537
9088.687653	-1.143517	16538
9088.937789	-0.584329	16539
9089.238079	3.445957	16540
9089.625692	2.738994	16541
9089.858582	-0.442923	16542
9090.045717	-0.401524	16543
9090.342002	-3.007517	16544
9090.652953	-0.369246	16545
9090.868766	-1.751491	16546
9091.066358	1.306746	16547
9091.329985	6.386362	16548
9091.943236	-1.685963	16549
9092.171783	2.040323	16550
9092.624441	-0.795880	16551
9092.889066	1.461489	16552
9093.057247	1.742200	16553
9093.311880	-3.436094	16554
9093.953466	0.197340	16555
9094.213078	2.784510	16556
9094.503942	2.230601	16557
9094.789799	-2.627381	16558
9095.003032	-3.598575	16559
9095.234207	0.429870	16560
9095.493942	-2.579113	16561
9095.897964	0.901384	16562
9096.220664	0.503789	16563
9096.488019	0.083089	16564
9096.788952	-2.391253	16565
9097.028105	1.044870	16566
9097.346711	3.430122	16567
9097.892298	6.482699	16568
9098.150041	3.673132	16569
9098.440150	2.536105	16570
9098.680399	3.746889	16571
9098.871996	-0.457165	16572
9099.110184	0.090798	16573
9099.725173	0.041091	16574
9099.946384	1.936121	16575
9100.290207	0.094084	16576
9100.650629	4.744753	16577
9100.964621	0.402847	16578
9101.207462	0.695608	16579
9102.010093	4.032176	16580
9102.204510	-0.638974	16581
9102.464491	0.254341	16582
9102.797135	-5.728624	16583
9103.029232	-3.051889	16584
9103.380469	6.541437	16585
9103.652532	-3.629563	16586
9103.839227	-1.588548	16587
9103.999230	0.763488	16588
9104.228575	-0.218990	16589
9104.498023	-1.967823	16590
9104.730433	-3.407624	16591
9104.969110	4.384384	16592
9105.191227	0.576259	16593
9105.448912	-0.867050	16594
9105.985185	0.163527	16595
9106.261507	0.339785	16596
9106.652592	1.038481	16597
9106.912110	2.350861	16598
9107.082139	0.161172	16599
9107.319467	3.298181	16600
9107.926630	-2.248886	16601
9108.118162	3.210967	16602
9108.356627	0.474945	16603
9108.578552	0.831615	16604
9108.793561	-1.416207	16605
9109.105393	-0.622734	16606
9109.369994	0.421489	16607
9109.787572	0.517660	16608
9110.059075	-1.774574	16609
9110.239360	-1.310393	16610
9110.521774	-1.154448	16611
9110.739843	-1.875531	16612
9110.985472	-3.002840	16613
9111.284428	3.687889	16614
9111.532251	-3.735339	16615
9111.780648	-2.425669	16616
9112.224980	-1.746207	16617
9112.430339	4.456197	16618
9112.644670	-0.490773	16619
9112.981246	-1.985811	16620
9113.162060	-0.436456	16621
9113.514836	-0.152948	16622
9113.928608	-0.280762	16623
9114.085078	-1.061376	16624
9114.306820	-0.015345	16625
9114.573937	-0.083788	16626
9114.801946	-2.843095	16627
9115.101789	-1.193312	16628
9115.334910	-0.989392	16629
9115.573538	1.865737	16630
9116.138447	1.680186	16631
9116.369285	0.633489	16632
9116.718530	0.470650	16633
9116.939117	2.118069	16634
9117.150322	3.776580	16635
9117.347211	-1.576869	16636
9117.731422	-2.718226	16637
9118.097039	-0.666141	16638
9118.467661	1.040839	16639
9118.666080	3.636629	16640
9118.878992	1.258165	16641
9119.097046	0.513504	16642
9119.341966	2.975525	16643
9119.701335	0.550000	16644
9120.088417	-1.138882	16645
9120.351348	0.727693	16646
9120.625916	0.873503	16647
9120.864540	1.534849	16648
9121.086504	-3.257783	16649
9121.283249	0.757246	16650
9121.550574	0.600673	16651
9121.949919	1.889954	16652
9122.216535	-1.471333	16653
9122.391192	0.283346	16654
9122.636697	-0.582567	16655
9122.922000	1.380031	16656
9123.128860	-0.227523	16657
9123.541475	1.589074	16658
9123.755844	-2.656196	16659
9124.145591	2.651274	16660
9124.343888	-0.905867	16661
9124.583635	0.396768	16662
9124.825112	4.139366	16663
9125.129434	1.716343	16664
9125.427897	2.374161	16665
9125.699687	-3.840390	16666
