crossing time (s)	slope (V/s)	crossing number
8746.134101	111.437523	15917
8746.540026	-1.494339	15918
8746.846866	0.365751	15919
8747.266077	115.737619	15920
8747.583117	-2.858966	15921
8747.835497	3.813815	15922
8748.156031	111.566901	15923
8748.556138	0.724577	15924
8748.826913	4.213161	15925
8749.242246	112.379810	15926
8749.564464	-0.475685	15927
8749.812748	2.294698	15928
8750.133580	122.244988	15929
8750.542519	-3.882487	15930
8751.196596	116.953573	15931
8751.588830	-2.599097	15932
8751.859643	-3.571921	15933
8752.158238	109.472034	15934
8752.686568	3.765978	15935
8753.189414	104.290911	15936
8753.645845	-0.922650	15937
8753.869347	-2.526249	15938
8754.291982	95.592902	15939
8754.693013	-1.132334	15940
8755.224084	89.575319	15941
8755.656947	-3.602138	15942
8756.206136	89.506428	15943
8756.693298	-1.218913	15944
8757.278777	87.863970	15945
8757.695780	0.020714	15946
8757.869644	2.028693	15947
8758.164775	87.818626	15948
8758.788360	3.642745	15949
8759.286565	89.069951	15950
8759.810690	3.265905	15951
8760.232068	82.191610	15952
8760.818459	1.124497	15953
8761.298653	82.372084	15954
8761.821405	1.646081	15955
8762.271935	78.104261	15956
8762.815758	-2.363564	15957
8763.287199	78.897621	15958
8764.328551	72.883819	15959
8764.877454	-4.073000	15960
8765.323449	70.139295	15961
8765.879719	0.371407	15962
8766.345057	72.201362	15963
8766.853343	-1.925818	15964
8767.381398	65.640325	15965
8768.317653	63.077217	15966
8768.889950	-0.384887	15967
8769.396604	61.758468	15968
8769.898318	0.282152	15969
8770.289999	58.103140	15970
8771.400246	60.139859	15971
8772.367446	55.061976	15972
8773.399522	53.227856	15973
8773.907858	-2.618095	15974
8774.387772	51.167301	15975
8775.449291	56.605272	15976
8776.460021	49.358541	15977
8776.956953	1.903843	15978
8777.533467	44.295470	15979
8778.410188	45.758621	15980
8779.506650	45.764755	15981
8780.498246	38.762891	15982
8781.496883	41.997260	15983
8782.489915	37.840133	15984
8783.521381	30.944479	15985
8784.423833	38.657543	15986
8785.517990	32.909510	15987
8786.514104	37.469638	15988
8787.529657	30.433908	15989
8787.970686	-4.507013	15990
8788.520565	31.420729	15991
8789.536989	30.221335	15992
8791.571085	24.237340	15993
8792.077408	-4.994301	15994
8792.542459	27.589104	15995
8793.587741	23.858799	15996
8794.562445	25.094149	15997
8795.599983	24.806375	15998
8796.569712	27.631919	15999
8797.600474	22.371600	16000
8798.601739	21.960293	16001
8799.578956	20.719620	16002
8800.565513	21.235289	16003
8801.685242	19.341818	16004
8802.577431	19.248711	16005
8803.721144	18.243074	16006
8804.592919	18.516097	16007
8805.639029	11.669378	16008
8806.609342	18.884433	16009
8807.819148	12.864877	16010
8808.643853	13.522986	16011
8809.766965	14.636194	16012
8810.664498	15.595187	16013
8811.673317	11.178790	16014
8812.689652	15.541813	16015
8813.714830	15.637099	16016
8814.750961	12.306545	16017
8815.666943	11.616136	16018
8816.728089	12.608092	16019
8817.829738	10.035115	16020
8818.769242	7.535961	16021
8819.846077	8.310484	16022
8820.232081	-7.460233	16023
8820.753757	9.437181	16024
8821.703718	8.701664	16025
8822.684721	10.157155	16026
8823.868735	10.090378	16027
8824.876872	7.657953	16028
8825.892117	8.505971	16029
8826.892565	5.778234	16030
8827.876115	8.805538	16031
8828.415483	-4.370078	16032
8828.774270	5.114031	16033
8829.889998	5.560337	16034
8830.802217	6.261497	16035
8831.953321	6.414818	16036
8832.962431	6.272703	16037
8833.441745	-4.044891	16038
8833.957737	9.131787	16039
8834.884055	3.936526	16040
8835.947273	6.105343	16041
8836.399581	-1.914011	16042
8836.921498	8.321308	16043
8837.921617	4.857499	16044
8838.448571	2.872971	16045
8838.868448	6.869879	16046
8839.985021	3.955335	16047
8841.006799	7.097719	16048
8842.020452	10.852867	16049
8842.833145	-1.027008	16050
8843.493753	-1.622540	16051
8844.004931	5.953757	16052
8844.563088	-4.090700	16053
8844.899286	2.483754	16054
8846.065357	-0.087465	16055
8846.533799	-2.702767	16056
8847.459817	-3.130915	16057
8847.961244	5.263005	16058
8848.992578	4.966778	16059
8850.110329	1.272084	16060
8850.582321	-3.189135	16061
8850.941399	5.835735	16062
8852.123950	5.084812	16063
8853.013840	6.195207	16064
8853.584245	-2.575582	16065
8854.143693	5.067284	16066
8854.555017	-3.091369	16067
8855.073031	3.572709	16068
8855.559223	-6.413391	16069
8856.218908	1.405904	16070
8857.024250	1.130175	16071
8857.628388	-2.747388	16072
8858.165884	2.349923	16073
8859.082620	4.111230	16074
8859.686675	-5.633849	16075
8860.229093	0.064965	16076
8860.646188	-0.764811	16077
8861.022596	4.985993	16078
8862.141387	-2.015858	16079
8863.045049	3.467631	16080
8864.296635	3.320536	16081
8864.673296	-1.317937	16082
8865.048864	-1.444772	16083
8866.249818	0.149254	16084
8866.709969	-0.924442	16085
8867.169481	0.090695	16086
8868.146104	1.152550	16087
8868.701337	1.044216	16088
8869.149762	-2.528819	16089
8869.724783	0.714915	16090
8870.233212	0.752849	16091
8870.719389	-1.561248	16092
8871.049509	5.057319	16093
8871.703989	-0.046162	16094
8872.014324	-2.475338	16095
8872.754110	-0.534307	16096
8872.958318	1.371906	16097
8874.407546	4.798949	16098
8874.753218	-5.521693	16099
8875.203585	-1.033265	16100
8876.168705	-1.358780	16101
8876.592251	-0.542199	16102
8876.785123	-2.234132	16103
8876.963436	4.713710	16104
8877.801407	-3.140789	16105
8878.320419	-0.557909	16106
8878.689709	1.894055	16107
8878.819222	-5.069988	16108
8879.247911	0.952450	16109
8879.875618	-0.559008	16110
8880.412979	-1.531475	16111
8880.809130	1.880931	16112
8881.089076	-0.839462	16113
8881.827637	0.630544	16114
8882.358312	5.636937	16115
8882.672001	-1.644335	16116
8882.792983	1.300817	16117
8883.010390	-1.490293	16118
8883.856279	0.505973	16119
8884.212440	2.322283	16120
8884.815234	2.055973	16121
8884.965421	-0.332315	16122
8885.560173	-2.288527	16123
8886.115791	-2.327202	16124
8886.591890	-0.701249	16125
8886.879548	-2.896250	16126
8887.027928	1.288612	16127
8887.282409	2.024889	16128
8888.455575	1.458742	16129
8888.675215	-3.584937	16130
8888.866685	3.416616	16131
8889.169044	-3.037072	16132
8889.893543	-5.056728	16133
8889.936165	0.187777	16134
8890.470107	0.508343	16135
8890.774998	3.399988	16136
8890.948952	-0.198698	16137
8891.119620	-2.509698	16138
8891.682376	-1.179486	16139
8891.908185	-3.534780	16140
8892.253533	-1.128539	16141
8892.529234	-1.492956	16142
8892.827726	0.159541	16143
8893.031566	-1.756227	16144
8893.266922	-0.231159	16145
8893.619564	-1.567300	16146
8893.886459	-5.226356	16147
8893.986573	-2.227335	16148
8894.182312	-3.098418	16149
8894.484194	-4.670586	16150
8894.762157	-3.487750	16151
8894.940185	-5.730444	16152
8895.348886	2.767831	16153
8895.663532	1.199531	16154
8895.924277	-3.337031	16155
8896.221174	0.086941	16156
8896.494606	-1.615941	16157
8896.816397	0.981667	16158
8896.989020	-0.739454	16159
8897.210119	1.823910	16160
8897.625885	-1.563272	16161
8897.892944	1.393564	16162
8897.958609	-3.475028	16163
8898.247279	-2.023100	16164
8898.603924	2.855486	16165
8898.862137	4.770835	16166
8899.062446	-1.166103	16167
8899.296565	0.797939	16168
8899.840010	-1.267927	16169
8899.931066	2.081837	16170
8900.160567	-2.814489	16171
8900.434545	-0.597380	16172
8900.755782	-0.748742	16173
8900.990906	2.109536	16174
8901.256178	-1.090212	16175
8901.571529	2.757447	16176
8901.952926	-1.440628	16177
8902.220645	-0.665033	16178
8902.565569	2.664691	16179
8902.813950	1.456905	16180
8903.025905	-0.251309	16181
8903.261661	-2.921057	16182
8903.513776	-1.366740	16183
8904.212593	3.322213	16184
8904.593625	-0.598330	16185
8904.918257	1.027285	16186
8905.268759	0.139481	16187
8905.931390	-1.313481	16188
8906.370492	0.845895	16189
8906.609990	3.326434	16190
8906.878316	-4.429155	16191
8907.069855	1.176344	16192
8907.354057	-0.631370	16193
8908.043715	-1.976307	16194
8908.302486	-0.571246	16195
8908.651468	2.501944	16196
8908.927566	-0.167497	16197
8909.142954	1.071067	16198
8909.352928	3.973707	16199
8909.892158	0.037813	16200
8910.058804	-1.132836	16201
8910.356829	2.003405	16202
8910.650568	1.888101	16203
8910.942815	1.401965	16204
8911.236943	-0.699106	16205
8912.116553	3.980127	16206
8912.315947	1.616695	16207
8912.597961	0.660145	16208
8912.845336	2.469209	16209
8913.115397	-2.822984	16210
8913.334837	0.924372	16211
8913.759502	2.236991	16212
8914.106262	1.369866	16213
8914.285678	6.561251	16214
8914.725955	-1.084663	16215
8914.978075	4.320246	16216
8915.271217	0.365361	16217
8915.936464	1.540135	16218
8916.087027	-1.072001	16219
8916.321020	-1.776048	16220
8916.564295	1.667479	16221
8916.819064	0.312242	16222
8917.024854	-0.030783	16223
8917.240795	0.594726	16224
8917.519041	-0.738555	16225
8918.134185	1.832456	16226
8918.319432	-0.621250	16227
8918.744808	-1.696183	16228
8919.045858	-1.457063	16229
8919.343429	-6.431918	16230
8919.773913	-3.388878	16231
8920.247935	3.050398	16232
8920.631512	3.714517	16233
8920.980529	1.290999	16234
8921.166413	0.111341	16235
8921.414205	-3.165081	16236
8921.734994	2.413875	16237
8922.013464	1.159987	16238
8922.282417	0.939078	16239
8922.571877	-0.955911	16240
8922.828403	-1.556686	16241
8923.162426	2.317556	16242
8923.456947	-0.494635	16243
8923.704951	2.279911	16244
8924.221285	-4.194179	16245
8924.428612	1.419880	16246
8924.693407	-1.480808	16247
8924.910443	-4.343334	16248
8925.130572	-2.397231	16249
8925.368983	1.665713	16250
8925.702696	0.992885	16251
8925.996418	1.081175	16252
8926.252330	-1.060886	16253
8926.451359	3.763138	16254
8926.742221	3.664670	16255
8927.024391	0.719777	16256
8927.209858	4.879170	16257
8927.436961	1.482750	16258
