crossing time (s)	slope (V/s)	crossing number
1948.392375	23.302471	1290
1949.396316	22.649734	1291
1950.412029	21.917783	1292
1951.416546	21.822586	1293
1952.427152	21.494467	1294
1953.433904	21.250543	1295
1954.445590	21.350590	1296
1955.445597	20.336107	1297
1956.462650	20.286835	1298
1957.471869	20.245436	1299
1958.480134	20.220280	1300
1959.491810	19.878582	1301
1960.496212	19.713989	1302
1961.503349	19.367989	1303
1962.515168	19.722627	1304
1963.519150	18.871153	1305
1964.535320	18.623273	1306
1965.535332	17.983682	1307
1966.552105	17.826802	1308
1967.551383	17.644769	1309
1968.570528	17.674226	1310
1969.570308	17.110807	1311
1970.589742	16.961085	1312
1971.589623	17.068190	1313
1972.605268	16.809541	1314
1973.609314	16.514845	1315
1974.620668	16.259727	1316
1975.627184	16.308913	1317
1976.634438	16.114499	1318
1977.645134	16.362442	1319
1978.653629	15.870889	1320
1979.663194	15.702498	1321
1980.671325	15.090795	1322
1981.680454	15.149228	1323
1982.688974	15.001187	1324
1983.697534	14.820105	1325
1984.707655	14.766627	1326
1985.721300	14.465255	1327
1986.724850	13.959381	1328
1987.734259	14.023809	1329
1988.742742	13.920205	1330
1989.751543	13.980668	1331
1990.756673	13.956407	1332
1991.766401	13.349455	1333
1992.773982	13.614711	1334
1993.784968	13.123099	1335
1994.794688	13.085022	1336
1995.799011	12.974797	1337
1996.808979	13.033896	1338
1997.814358	12.849170	1339
1998.832039	12.484755	1340
1999.830641	12.344256	1341
2000.850416	12.326659	1342
2001.847603	12.026389	1343
2002.868983	11.826184	1344
2003.864243	11.737806	1345
2004.886533	11.804602	1346
2005.883407	11.446174	1347
2006.902452	11.385008	1348
2007.902034	11.123267	1349
2008.917462	11.075380	1350
2009.919343	10.882517	1351
2010.932952	10.968798	1352
2011.938308	10.705517	1353
2012.948814	10.527446	1354
2013.955741	10.555124	1355
2014.964517	10.304515	1356
2015.974187	10.339081	1357
2016.982418	10.010305	1358
2017.994242	9.841732	1359
2018.998688	9.841737	1360
2020.009203	9.786438	1361
2021.015486	9.680009	1362
2022.026995	9.293641	1363
2023.032043	9.319374	1364
2024.045223	9.143646	1365
2025.049026	9.204372	1366
2026.063490	9.026708	1367
2027.064682	8.869800	1368
2028.080205	8.767599	1369
2029.083091	8.646214	1370
2030.096395	8.473138	1371
2031.098603	8.540081	1372
2032.111768	8.244958	1373
2033.117901	8.440189	1374
2034.128230	8.072603	1375
2035.136295	8.053911	1376
2036.145743	7.901091	1377
2037.154502	7.863396	1378
2038.162009	7.668071	1379
2039.173491	7.625968	1380
2040.175171	7.480302	1381
2041.191215	7.356537	1382
2042.191549	7.278478	1383
2043.208404	7.195537	1384
2044.207713	7.238527	1385
2045.226794	7.156339	1386
2046.223017	6.930006	1387
2047.244174	6.904397	1388
2048.238779	6.774444	1389
2049.263176	6.851899	1390
2050.258739	6.661736	1391
2051.281027	6.677474	1392
2052.271865	6.534412	1393
2053.297479	6.509825	1394
2054.288258	6.295303	1395
2055.313303	6.372412	1396
2056.308285	6.123313	1397
2057.330260	6.203620	1398
2058.327357	5.979963	1399
2059.342521	5.916823	1400
2060.345591	5.903097	1401
2061.360369	5.919905	1402
2062.365995	5.693111	1403
2063.375255	5.584809	1404
2064.383261	5.642493	1405
2065.395669	5.517111	1406
2066.398024	5.396342	1407
2067.408491	5.352523	1408
2068.416576	5.297655	1409
2069.428569	5.023062	1410
2070.430759	5.335959	1411
2071.449418	5.026899	1412
2072.445264	5.160438	1413
2073.462936	4.713669	1414
2074.463107	4.887736	1415
2075.481452	5.008782	1416
2076.479212	4.667031	1417
2077.498822	4.621344	1418
2078.495338	4.875080	1419
2079.517366	4.701868	1420
2080.510502	4.567123	1421
2081.533781	4.401230	1422
2082.527045	4.438683	1423
2083.556138	4.306467	1424
2084.543032	4.328249	1425
2085.571721	4.189720	1426
2086.560381	4.184432	1427
2087.585369	3.962756	1428
2088.577590	4.055345	1429
2089.601335	3.940421	1430
2090.594519	3.942846	1431
2091.616364	3.895304	1432
2092.609731	3.797069	1433
2093.634289	3.787696	1434
2094.634829	3.706427	1435
2095.648529	3.696816	1436
2096.653234	3.518498	1437
2097.662200	3.652115	1438
2098.667591	3.351660	1439
2099.681215	3.465282	1440
2100.685269	3.415102	1441
2101.697018	3.427057	1442
2102.701258	3.260191	1443
2103.716112	3.396215	1444
2104.717842	3.241125	1445
2105.733550	3.150228	1446
2106.736393	3.202638	1447
2107.745996	3.190794	1448
2108.751382	3.022252	1449
2109.763189	2.962968	1450
2110.772281	2.947096	1451
2111.783543	2.962131	1452
2112.783593	2.825797	1453
2113.798551	2.994927	1454
2114.798997	2.815570	1455
2115.815158	2.889280	1456
2116.818958	2.739748	1457
2117.836211	2.785166	1458
2118.835163	2.714730	1459
2119.852042	2.725942	1460
2120.851625	2.673247	1461
2121.871028	2.687827	1462
2122.863902	2.449278	1463
2123.889635	2.261939	1464
2124.878649	2.367778	1465
2125.908297	2.302896	1466
2126.892043	2.247136	1467
2127.926739	2.295398	1468
2128.909337	2.256433	1469
2129.945393	2.391445	1470
2130.924958	2.262487	1471
2131.960416	2.245006	1472
2132.941746	1.980890	1473
2133.978387	2.120950	1474
2134.954263	2.007869	1475
2135.989596	1.992763	1476
2136.974580	2.047005	1477
2138.006416	2.020411	1478
2138.993456	1.958550	1479
2140.022749	1.964435	1480
2141.008586	1.907567	1481
2142.039689	2.015479	1482
2143.028600	1.866397	1483
2144.054798	1.627902	1484
2145.045907	2.009357	1485
2146.077538	2.029359	1486
2147.062191	1.934374	1487
2148.091843	1.915712	1488
2149.078472	1.668603	1489
2150.106425	1.693269	1490
2151.094301	1.775625	1491
2152.125148	1.621565	1492
2153.109094	1.824001	1493
2154.144572	1.692550	1494
2155.122591	1.645451	1495
2156.160497	1.693573	1496
2157.135172	1.641807	1497
2158.181257	1.509404	1498
2159.156158	1.428840	1499
2160.200835	1.549441	1500
2161.166754	1.503428	1501
2162.212216	1.436754	1502
2163.188201	1.456993	1503
2164.221263	1.169989	1504
2165.202433	1.498970	1505
2166.247900	1.354809	1506
2167.223319	1.331286	1507
2168.263886	1.343013	1508
2169.239433	1.405405	1509
2170.281227	1.208433	1510
2171.253487	1.456655	1511
2172.299481	1.233728	1512
2173.272868	1.333249	1513
2174.313891	1.324015	1514
2175.294074	1.159737	1515
2176.327449	1.263591	1516
2177.315448	1.105307	1517
2178.339586	1.347374	1518
2179.333069	1.099454	1519
2180.354340	1.102313	1520
2181.344124	1.168794	1521
2182.371435	1.083962	1522
NaN	NaN	1523
NaN	NaN	1524
NaN	NaN	1525
NaN	NaN	1526
NaN	NaN	1527
NaN	NaN	1528
NaN	NaN	1529
NaN	NaN	1530
NaN	NaN	1531
NaN	NaN	1532
NaN	NaN	1533
NaN	NaN	1534
NaN	NaN	1535
NaN	NaN	1536
NaN	NaN	1537
NaN	NaN	1538
NaN	NaN	1539
NaN	NaN	1540
2201.341243	0.705798	1541
NaN	NaN	1542
2203.376156	0.660052	1543
NaN	NaN	1544
2205.394215	0.667206	1545
2206.410336	0.548979	1546
