crossing time (s)	slope (V/s)	crossing number
1660.909693	20.381311	1058
1661.910594	20.793396	1059
1662.931171	19.921175	1060
1663.924118	20.659997	1061
1664.951638	20.974138	1062
1665.945847	20.491723	1063
1666.975306	20.520646	1064
1667.962515	19.632489	1065
1668.989987	19.683220	1066
1669.983210	18.994080	1067
1671.005141	19.451355	1068
1672.000660	19.085174	1069
1673.021413	18.963901	1070
1674.018459	18.711376	1071
1675.040438	17.783890	1072
1676.038509	17.790593	1073
1677.057931	17.338575	1074
1678.054974	17.190656	1075
1679.076584	16.686780	1076
1680.070249	16.897740	1077
1681.099171	16.273945	1078
1682.088548	15.956020	1079
1683.117371	15.692654	1080
1684.104316	15.492261	1081
1685.135732	15.260057	1082
1686.125306	15.376349	1083
1687.151569	15.299553	1084
1688.147354	14.962167	1085
1689.167503	14.747884	1086
1690.168894	14.452460	1087
1691.178158	14.213581	1088
1692.192180	13.797377	1089
1693.187019	14.076679	1090
1694.216296	13.342827	1091
1695.203383	13.587239	1092
1696.236315	12.914815	1093
1697.220132	13.290192	1094
1698.254339	12.881549	1095
1699.236156	12.687804	1096
1700.270693	12.529367	1097
1701.256477	12.286436	1098
1702.286046	12.235287	1099
1703.279369	12.043622	1100
1704.301961	11.999134	1101
1705.299612	11.785302	1102
1706.318575	11.709855	1103
1707.318035	11.311151	1104
1708.333485	11.423222	1105
1709.336156	11.024618	1106
1710.353699	10.811458	1107
1711.354122	10.898897	1108
1712.371437	10.513046	1109
1713.369417	10.500311	1110
1714.393348	10.163038	1111
1715.386013	10.113843	1112
1716.412151	9.682181	1113
1717.401270	10.154312	1114
1718.430456	9.736324	1115
1719.414147	9.657587	1116
1720.451980	9.548899	1117
1721.430757	9.478260	1118
1722.473233	9.188966	1119
1723.445913	9.261406	1120
1724.490549	8.867770	1121
1725.468636	8.756767	1122
1726.505985	8.706750	1123
1727.490418	8.620130	1124
1728.518195	8.462900	1125
1729.513233	8.327485	1126
1730.530811	8.279241	1127
1731.536483	8.074304	1128
1732.539115	8.079825	1129
1733.562649	7.817219	1130
1734.551631	7.805263	1131
1735.586295	7.541694	1132
1736.565393	7.411428	1133
1737.602315	7.408373	1134
1738.584240	7.379942	1135
1739.620732	7.175266	1136
1740.600174	7.013368	1137
1741.638857	7.087620	1138
1742.616446	6.904681	1139
1743.659139	6.794101	1140
1744.632897	6.748811	1141
1745.677768	6.540089	1142
1746.648650	6.462453	1143
1747.696570	6.395107	1144
1748.669045	6.395778	1145
1749.710833	6.134014	1146
1750.686813	6.233558	1147
1751.731148	5.915912	1148
1752.705194	5.938875	1149
1753.746496	5.735589	1150
1754.726034	5.816126	1151
1755.760204	5.715221	1152
1756.747667	5.598820	1153
1757.770835	5.640365	1154
1758.771376	5.444000	1155
1759.780829	5.468873	1156
1760.798816	5.098129	1157
1761.792219	5.167390	1158
1762.825070	4.978103	1159
1763.801958	5.029224	1160
1764.847386	4.984047	1161
1765.815221	4.878037	1162
1766.867123	4.901058	1163
1767.830460	4.794599	1164
1768.882606	4.682530	1165
1769.847537	4.607027	1166
1770.902910	4.723744	1167
1771.866816	4.460360	1168
1772.916310	4.420447	1169
1773.881865	4.236977	1170
1774.933184	4.298884	1171
1775.907104	4.249100	1172
1776.951750	4.285823	1173
1777.927012	4.016290	1174
1778.965510	3.963361	1175
1779.939748	3.904041	1176
1780.982453	3.777977	1177
1781.957698	3.797646	1178
1783.008406	3.659682	1179
1783.972626	3.651591	1180
1785.027107	3.617205	1181
1785.986147	3.604142	1182
1787.043802	3.520438	1183
1787.999284	3.352624	1184
1789.065725	3.362648	1185
1790.016440	3.357049	1186
1791.085295	3.331290	1187
1792.031985	3.207649	1188
1793.094958	3.245172	1189
1794.057197	3.169607	1190
1795.100583	3.120449	1191
1796.084551	2.934356	1192
1797.115038	2.988863	1193
1798.112284	2.940559	1194
1799.120804	2.917806	1195
1800.137354	2.852449	1196
1801.131014	2.685771	1197
1802.162348	2.804181	1198
1803.138700	2.789712	1199
1804.190300	2.773043	1200
1805.153887	2.664638	1201
1806.207900	2.543609	1202
1807.167643	2.587984	1203
1808.231196	2.494148	1204
1809.184650	2.407353	1205
1810.248226	2.390661	1206
1811.198990	2.376119	1207
1812.265383	2.316297	1208
1813.216086	2.270088	1209
1814.284899	2.346972	1210
1815.234747	2.282815	1211
1816.299379	2.337382	1212
1817.256023	2.022966	1213
1818.313042	2.119916	1214
1819.272508	1.944869	1215
1820.326972	1.995212	1216
1821.292769	2.002090	1217
1822.339898	2.052543	1218
1823.325462	1.937310	1219
1824.342835	1.870109	1220
1825.351314	1.758741	1221
1826.349170	1.874544	1222
1827.381702	1.746329	1223
1828.355601	1.586837	1224
1829.415358	1.783234	1225
1830.361902	1.775685	1226
1831.439461	1.711242	1227
1832.368777	1.535169	1228
1833.458935	1.575289	1229
1834.384658	1.572154	1230
1835.475283	1.677234	1231
1836.404821	1.498020	1232
1837.493857	1.610972	1233
1838.415458	1.492658	1234
1839.520079	1.358239	1235
1840.430150	1.400247	1236
1841.533809	1.467823	1237
1842.454250	1.376692	1238
1843.546012	1.389931	1239
1844.468107	1.362004	1240
1845.567381	1.347321	1241
1846.478487	1.306814	1242
1847.587036	1.183785	1243
1848.493570	1.217759	1244
1849.605598	1.168912	1245
1850.509632	1.250591	1246
1851.630926	1.251059	1247
1852.518579	1.197525	1248
1853.646911	1.276534	1249
1854.539672	1.018978	1250
1855.665174	1.197955	1251
1856.560254	1.078238	1252
1857.674102	1.066497	1253
NaN	NaN	1254
NaN	NaN	1255
NaN	NaN	1256
NaN	NaN	1257
