time (s)	theta (A)	maj axis/z0	min axis/z0	crossing#mod 255
7963.675312	266.877838	0.528667	-0.100000	31
7964.544481	218.952881	0.029038	0.100000	33
7965.509754	19.389969	0.134549	0.100000	35
7966.118926	123.183434	0.602867	-0.100000	37
7967.143752	303.054596	0.593704	0.100000	39
7968.131898	128.655869	0.587938	-0.055709	41
7968.780477	197.817749	-0.083511	0.100000	43
7970.149415	127.675789	0.519094	0.009485	45
7971.185436	317.320312	0.382967	0.063713	47
7973.195615	306.462860	0.378509	0.030991	49
7974.206401	135.212311	0.419826	0.056224	51
7976.229117	130.733368	0.826948	0.007584	53
7978.240631	133.933624	0.358410	-0.024813	55
7979.256191	317.546875	0.381952	0.062207	57
7981.292140	310.236450	0.663330	0.009084	59
7983.316593	310.366394	0.614861	0.007802	61
7985.327617	309.893005	0.574215	0.007054	63
7987.342143	309.329102	0.532150	0.007261	65
7989.349564	309.011749	0.491337	0.007406	67
7991.357501	308.922577	0.451235	0.007195	69
7993.372273	309.082825	0.412825	0.007164	71
7995.380790	309.383209	0.378581	0.006917	73
7997.405009	309.704346	0.347307	0.006933	75
7999.415815	309.947357	0.318898	0.006910	77
8001.435033	310.147186	0.293014	0.006638	79
8003.466170	310.157410	0.269831	0.006381	81
8005.490179	309.844269	0.248057	0.005872	83
8007.535036	298.417694	0.157193	0.030476	85
8008.471386	152.692062	0.141121	0.062699	87
8010.483640	130.724289	0.210020	0.007837	89
8012.442875	129.311600	0.154798	0.007373	91
8013.658469	310.859711	0.127175	0.008153	93
8015.105492	218.597412	0.009558	0.100000	95
8016.128564	41.106762	0.001763	0.050132	97
8017.076467	218.172623	0.005069	0.077263	99
8018.177599	40.525307	0.005584	0.055800	101
8019.176948	218.141830	0.001514	0.052926	103
8020.687553	56.652611	0.030723	0.086831	105
8021.586405	312.403259	0.105144	0.005500	107
8022.644488	127.957558	0.109903	0.002120	109
8023.501234	307.534271	0.044451	0.001146	111
8024.177585	29.593575	0.007840	0.025737	113
8025.011903	212.101257	0.009606	0.063761	115
8026.020205	35.715878	0.003425	0.029328	117
8027.214305	139.013992	0.056142	0.008511	119
8027.773009	307.566864	0.049519	0.001677	121
8028.320350	124.268875	0.020255	0.001237	123
8029.835227	243.165588	0.033155	0.061100	125
8030.635390	131.975937	0.078701	0.002340	127
8031.705256	304.555939	0.053124	0.001508	129
8032.204835	32.001087	0.001516	0.008727	131
8032.640306	133.301453	0.059991	0.002154	133
8033.608851	304.829865	0.035179	0.001146	135
8034.186341	331.081665	0.014100	0.005183	137
8035.423372	207.941925	0.012193	0.043959	139
8036.072403	311.891541	0.023632	0.000532	141
8036.599689	129.959534	0.046458	0.001451	143
8037.401445	298.754791	0.023020	0.003295	145
8038.318581	327.669891	0.016408	0.004747	147
8038.862274	131.582642	0.041008	0.000825	149
8039.718481	308.353729	0.033198	0.000975	151
8040.261901	18.278383	0.003498	0.006019	153
8040.776097	131.055161	0.042223	0.000920	155
8041.650219	306.334290	0.022193	0.000805	157
8042.225710	317.208801	0.015162	0.000882	159
8042.654268	128.746826	0.025564	0.000968	161
8043.379441	214.034531	0.002299	0.010122	163
8043.843422	311.219086	0.028596	0.000822	165
8044.462521	117.743988	0.007696	0.000988	167
8044.963474	130.835846	0.023471	0.000336	169
8045.443321	243.284897	0.002932	0.004761	171
8045.872536	311.855225	0.026675	0.000784	173
8046.511940	121.484322	0.009684	0.000666	175
8047.297303	133.346039	0.023773	0.001217	177
8047.730325	308.033142	0.017731	0.000378	179
8048.237851	345.054169	0.007178	0.004189	181
8048.771878	130.657700	0.029968	0.000833	183
8049.572084	308.882965	0.011931	0.000028	185
8050.231617	319.030701	0.014542	0.001264	187
8051.016964	128.485931	0.035673	0.000951	189
8051.849629	312.422546	0.017800	0.000217	191
8052.386958	25.708237	0.002345	0.003672	193
8052.853192	126.979851	0.026803	0.000605	195
8053.687697	312.565979	0.012492	0.000207	197
8054.142374	319.383698	0.010901	0.000563	199
8054.591242	108.403923	0.007926	0.001432	201
8055.057544	124.770226	0.015551	0.000093	203
8055.599816	311.771515	0.010388	0.000134	205
8056.186176	319.815582	0.012362	0.000703	207
8056.731273	112.114159	0.010066	0.001293	209
8057.368079	119.975975	0.009376	-0.001079	211
8057.849490	313.354828	0.018982	0.000518	213
8058.463569	34.453484	0.001988	0.002619	215
8058.912689	124.723862	0.010911	0.000272	217
8059.340455	210.104477	0.000651	0.003793	219
8059.859061	311.223053	0.012700	0.000155	221
8060.347115	322.744354	0.007141	0.000953	223
8060.813275	125.625603	0.008821	0.000371	225
8061.358466	147.011581	0.004690	0.001136	227
8061.835541	304.572357	0.011555	0.000301	229
8062.326384	311.314514	0.008447	0.000261	231
8062.833066	132.969116	0.008160	0.000168	233
8063.892201	258.731232	0.010360	0.008325	235
8064.478477	264.498749	0.002985	-0.002228	237
8064.969565	138.132599	0.008332	0.000467	239
8065.397914	198.494003	0.003849	0.003123	241
8065.959944	297.047577	0.008728	0.000212	243
8066.369008	264.055725	0.003391	-0.001796	245
8066.935573	141.156586	0.009086	0.000229	247
8067.393736	167.304337	0.005577	0.001513	249
8068.005951	298.046234	0.009338	0.000623	251
8068.585944	172.825562	0.003701	-0.002626	253
8069.178078	140.056061	0.010577	0.000397	255
8069.739976	291.073181	0.004853	0.000516	1
8070.297557	312.484406	0.004474	-0.000078	3
8070.760696	128.429214	0.007603	0.000249	5
8071.379245	131.478958	0.007615	0.000063	7
8071.827677	307.104645	0.003821	0.000531	9
8072.414451	343.768982	0.003797	0.001650	11
8072.937170	120.612610	0.270666	0.027444	13
